49	99	28	32	12	4	95	48	8	91	57	14	80	71	81	47	53	83	80	20	9	41	62	73	31	54	73	4	36	73	71	96	69	64	48	52	88	1	71	44	13	90	13	44	14	17	96	92	94	87	83	28	31	72	23	78	62	38	9	41	52	59	95	88	96	75	2	20	16	87	86	91	43	73	1	16	52	76	62	65	40	30	85	99	42	73	21	32	16	16	18	65	46	89	5	47	7	56	46	6	56	29	80	86	81	35	65	66	83	9	40	70	56	99	28	28	38	46	95	59	51	60	89	57	3	26	96	72	16	24	32	12	94	17	80	27	43	65	39	81	78	4	98	71	96	55	3	16	48	29	7	20	84	48	69	89	30	4	41	90	37	66	85	47	81	58	79	96	76	90	25	55	38	9	15	84	18	64	98	75	52	84	3	37	92	83	18	68	19	29	96	52	48	91	60	54	91	63	57	15	
30	18	26	81	54	55	25	22	72	86	14	88	81	77	24	56	61	70	56	35	32	62	73	83	79	94	37	66	56	49	58	90	92	58	83	42	71	60	42	44	88	87	90	8	12	1	5	8	20	79	95	6	22	59	92	36	76	20	76	95	93	16	42	16	22	41	46	92	1	58	27	26	32	2	98	63	36	37	72	49	82	50	32	41	16	88	4	95	33	96	22	69	62	5	20	77	0	44	65	79	95	19	95	32	54	16	6	8	30	39	83	91	37	49	26	43	27	69	46	57	40	70	62	43	98	78	61	69	50	22	88	21	81	89	8	42	65	79	7	28	41	36	3	35	35	39	90	92	58	70	14	73	15	71	89	17	25	80	97	93	88	19	21	60	80	42	96	96	44	95	96	38	38	88	44	31	59	97	58	54	10	43	15	83	81	2	65	9	28	14	96	28	70	0	38	68	4	12	32	35	
93	66	5	31	12	70	25	33	68	77	16	23	66	7	51	55	45	79	52	49	63	14	65	89	24	76	22	51	40	64	40	22	95	43	99	87	48	0	96	44	24	59	76	91	80	76	56	97	25	3	65	37	77	15	2	58	11	80	34	83	53	58	23	92	93	3	84	14	58	93	35	0	45	2	40	64	52	24	87	50	0	10	65	47	63	28	9	38	57	67	24	40	86	66	11	39	73	96	7	47	13	32	67	49	17	2	74	24	3	13	68	88	50	6	27	69	40	19	98	38	15	81	74	40	12	52	66	47	42	30	73	55	57	91	48	59	27	20	13	11	81	41	74	1	31	9	27	79	41	78	79	96	13	39	79	93	2	63	93	78	84	48	92	81	63	28	61	83	98	79	26	70	65	57	27	96	6	91	33	7	93	2	66	2	55	17	56	83	85	69	36	81	59	70	71	90	7	96	51	91	
8	7	75	9	15	9	77	17	33	35	29	91	57	20	37	86	26	37	40	15	20	64	2	45	71	65	38	18	4	51	6	17	48	97	70	28	60	85	57	36	7	13	24	3	52	74	49	46	52	73	63	69	80	26	36	73	76	28	33	17	58	49	70	28	22	1	14	34	32	61	6	69	52	58	86	81	43	49	65	85	54	77	81	45	68	77	26	9	30	7	97	2	19	78	75	88	78	97	64	32	30	29	82	65	64	5	49	87	13	49	80	51	13	12	15	42	65	66	92	21	53	83	93	42	44	30	84	69	48	7	67	54	51	25	27	55	75	39	7	61	99	85	5	77	27	66	36	93	67	42	30	1	97	23	38	60	39	61	14	92	0	7	3	51	38	60	82	31	53	63	27	40	5	59	65	25	30	24	88	42	25	83	15	65	78	20	58	21	44	90	69	11	50	96	32	44	28	88	63	52	
98	5	57	0	42	38	92	25	4	1	95	0	55	10	72	70	44	89	35	81	30	43	93	92	58	86	79	24	12	7	13	65	35	70	82	49	86	1	82	36	95	58	94	12	38	71	69	35	99	3	56	23	26	19	98	74	4	18	63	64	99	90	82	27	6	53	96	78	22	66	54	38	85	18	12	5	74	9	90	68	75	29	42	52	80	5	3	33	72	7	36	80	12	62	84	99	44	23	74	44	34	31	29	87	64	5	18	88	58	74	15	57	12	67	72	92	2	42	49	13	54	18	6	56	48	21	76	6	65	51	77	87	5	61	39	23	46	8	30	33	43	97	27	70	7	30	98	14	11	50	28	31	2	26	62	59	98	12	61	3	29	69	3	38	64	80	16	26	53	46	74	16	20	21	3	63	58	77	52	39	85	65	84	77	24	43	3	86	43	27	21	98	73	18	43	14	66	48	27	33	
80	3	61	32	37	91	3	89	86	88	39	71	44	15	28	9	12	86	1	40	63	82	18	55	63	66	29	38	92	73	26	91	30	0	20	26	0	92	87	30	84	92	74	89	17	60	33	81	6	70	21	26	65	92	85	58	24	43	9	23	81	31	87	32	45	5	93	89	42	10	22	76	2	97	17	78	92	52	83	59	7	23	82	52	25	95	62	7	73	31	92	57	30	26	79	44	80	73	38	26	86	78	89	18	77	49	76	82	60	59	98	47	29	42	72	26	60	18	4	27	40	2	89	60	62	70	13	79	43	52	87	41	82	16	56	0	26	23	88	24	37	97	90	11	25	27	55	23	46	80	61	49	11	87	57	99	26	38	31	93	73	10	74	93	18	24	51	75	87	8	48	53	88	81	58	52	75	25	20	47	18	67	75	68	12	42	46	10	17	56	55	11	88	72	13	63	75	90	29	77	
38	62	16	33	5	81	91	59	96	84	94	56	41	57	87	22	12	84	58	47	28	54	50	11	59	22	91	47	88	14	64	52	45	45	41	63	15	3	1	99	94	60	25	84	82	87	57	35	48	24	97	72	59	57	36	3	10	75	69	12	26	55	34	30	6	47	30	32	75	76	52	12	67	15	2	72	70	77	80	29	55	70	77	78	57	94	49	66	5	75	37	72	1	87	92	37	55	35	75	88	56	56	3	78	73	46	72	15	52	23	73	81	44	43	36	52	42	79	92	80	96	34	45	84	4	8	86	88	30	74	44	82	63	83	55	93	74	35	51	94	81	25	69	20	21	38	53	23	87	85	34	22	15	25	73	55	91	56	43	99	41	22	34	91	79	73	88	13	76	81	47	89	76	11	9	57	8	76	12	51	92	24	83	98	70	96	19	79	15	81	16	67	50	87	4	62	17	50	2	63	
49	17	5	19	22	97	44	8	43	68	34	47	52	67	59	46	49	50	61	32	24	32	49	38	64	67	98	85	88	58	85	14	51	54	80	17	26	14	76	93	53	95	38	36	83	32	57	81	68	91	94	92	53	97	46	6	15	77	73	25	73	29	40	57	72	36	76	35	5	60	11	4	42	52	28	2	99	50	98	86	15	40	71	65	35	36	67	54	38	54	48	13	60	10	96	30	91	12	62	76	18	1	87	62	1	35	29	16	21	16	14	76	74	16	10	51	49	1	63	62	59	44	55	63	32	27	29	17	91	49	45	61	46	67	92	53	44	61	63	19	56	44	41	96	10	71	45	3	44	36	95	26	81	3	86	60	45	70	99	88	58	44	49	21	5	52	48	99	50	25	40	19	57	24	19	75	37	74	19	29	43	1	63	74	0	26	14	83	28	37	5	52	11	12	22	86	62	93	57	31	
95	48	12	39	39	38	67	94	80	64	33	85	27	35	87	59	4	53	22	42	77	14	77	18	29	54	5	74	30	6	0	89	43	41	45	0	95	4	34	35	79	78	70	10	59	60	2	87	97	25	58	46	87	70	65	69	26	44	45	93	72	11	89	61	54	84	93	38	16	7	28	12	55	31	18	21	60	46	90	32	75	5	51	90	10	29	2	61	41	69	94	53	84	56	4	7	20	6	27	52	84	39	45	72	74	24	53	22	5	23	77	33	62	69	91	76	72	43	47	34	42	63	28	19	75	25	44	48	77	90	60	63	3	28	53	76	69	12	36	80	11	81	47	22	50	26	25	85	90	84	42	28	57	6	36	38	93	57	82	79	17	16	90	27	42	85	35	14	1	51	14	32	78	81	26	92	99	7	74	16	62	47	17	79	90	26	25	0	85	98	2	55	44	45	75	7	4	40	40	83	
76	94	35	45	53	23	56	81	53	21	8	94	20	74	57	76	41	44	20	78	4	3	0	98	30	25	35	76	22	84	28	16	32	8	19	57	72	71	59	83	96	55	98	63	31	24	94	14	6	39	99	8	17	23	36	16	63	99	80	54	76	0	98	8	95	77	99	65	40	85	89	28	84	10	64	90	16	24	99	49	57	8	44	29	85	59	77	63	43	35	80	44	29	74	40	43	19	38	98	24	25	65	70	62	77	57	18	4	87	32	73	77	34	78	70	26	7	80	48	44	18	98	38	79	98	16	16	97	94	15	49	52	46	94	28	4	27	68	41	13	38	98	20	70	5	78	62	86	92	64	29	24	25	59	19	38	90	27	91	6	54	98	38	66	43	98	45	38	27	60	8	24	40	11	32	84	78	15	58	6	80	64	60	14	10	26	37	26	61	23	21	63	22	58	91	89	62	43	70	89	
71	84	39	14	19	35	49	68	45	45	76	50	98	88	28	34	70	40	78	99	5	45	89	14	25	0	39	7	76	31	7	31	16	52	67	59	11	30	74	60	74	65	48	18	74	40	27	40	61	8	2	77	59	46	21	97	5	66	79	65	52	92	84	34	54	29	67	94	77	80	29	34	26	90	72	77	29	55	51	76	28	35	75	91	94	53	67	95	69	32	97	18	67	51	32	85	50	59	47	88	73	21	8	9	75	97	62	83	7	31	0	42	1	24	75	14	7	97	44	32	12	28	51	8	88	89	28	4	66	41	76	65	22	1	15	77	14	21	89	26	19	87	20	43	74	15	21	41	17	34	31	76	80	29	25	96	96	16	36	35	76	55	36	16	84	47	64	15	91	98	10	52	61	46	65	2	89	29	98	93	6	71	10	43	80	52	65	37	78	53	92	78	50	49	49	74	37	41	41	65	
3	25	72	86	78	85	85	86	99	65	96	66	2	98	87	10	0	31	13	88	16	67	60	97	42	92	7	75	58	61	55	41	4	9	23	59	74	5	34	85	61	8	73	4	82	57	39	24	88	6	4	77	22	72	43	21	86	8	68	30	49	49	38	37	79	83	67	88	60	12	20	71	21	61	72	34	89	30	6	0	56	67	79	91	9	15	74	17	92	79	82	92	78	63	70	11	33	66	24	73	57	83	53	98	1	65	26	8	88	63	43	16	20	33	92	83	20	7	41	61	74	36	12	61	64	28	79	30	40	86	11	73	16	94	47	91	36	3	82	8	31	49	76	0	12	85	45	1	60	66	52	81	2	40	51	16	20	20	48	27	18	56	7	33	6	65	23	19	45	43	72	68	5	8	67	18	20	73	70	28	93	14	98	37	42	17	9	62	41	83	14	72	93	87	89	61	30	76	57	17	
10	58	92	97	6	72	41	91	44	25	73	97	78	84	40	37	84	63	68	58	16	49	1	75	15	40	71	68	45	11	85	25	82	99	23	26	71	17	6	80	60	44	92	12	28	81	34	46	47	37	8	22	1	30	4	22	46	42	47	55	2	53	98	31	12	22	64	60	56	94	33	92	64	10	10	8	50	99	8	43	15	35	87	95	42	13	25	15	56	37	21	66	10	32	53	63	42	44	23	95	16	81	15	35	88	95	28	58	20	59	58	63	59	81	99	56	34	84	30	41	36	74	39	36	61	94	22	82	23	41	48	38	24	93	36	85	60	53	96	18	36	33	95	40	1	28	35	31	3	89	80	80	69	61	75	6	26	45	93	46	7	3	76	14	55	41	4	82	64	65	72	11	39	36	32	82	44	64	24	5	85	46	78	65	89	4	48	36	61	59	65	13	97	37	66	91	54	14	35	58	
9	21	95	70	92	38	37	43	92	44	76	81	1	29	86	18	11	81	3	17	51	61	20	46	35	68	62	20	56	17	32	34	81	48	82	7	0	2	54	84	65	52	57	41	87	55	6	89	75	84	70	10	36	31	52	97	88	14	33	90	14	12	56	13	85	11	68	85	50	59	86	94	71	25	6	54	94	49	83	72	8	96	99	23	43	65	94	66	88	26	34	29	7	12	7	23	33	89	65	33	0	75	83	68	46	58	0	87	55	53	85	73	44	97	57	39	9	27	1	73	47	13	13	88	68	21	53	68	46	3	77	95	66	80	7	6	34	79	98	10	41	76	88	60	70	56	1	75	25	41	15	11	89	10	71	68	49	75	25	76	2	75	77	38	25	3	39	52	95	97	36	56	8	17	39	55	58	28	74	70	67	42	66	59	18	78	22	84	77	42	65	55	75	44	96	39	64	64	78	62	
61	23	62	24	30	54	83	63	8	13	28	42	69	8	75	28	26	92	28	50	80	17	83	2	3	99	2	65	96	72	18	60	44	58	97	91	48	42	72	13	52	76	63	96	68	90	58	72	9	0	53	76	91	14	16	95	27	87	27	65	65	84	17	75	20	21	68	65	53	20	66	43	66	37	84	43	91	87	78	67	19	47	39	74	14	63	95	28	56	25	12	31	14	19	60	62	97	77	43	33	38	2	80	27	26	58	86	73	23	72	61	67	69	0	48	89	28	18	18	60	60	43	44	63	12	80	50	9	67	5	90	80	6	90	40	48	24	62	69	23	67	5	81	29	65	36	79	69	49	93	87	79	97	32	76	80	26	75	89	28	42	81	6	82	55	10	0	55	8	50	57	20	69	91	31	18	72	46	60	62	90	69	83	77	2	57	82	27	12	19	55	71	19	90	98	11	93	96	41	54	
38	88	3	66	93	36	75	9	26	43	84	75	59	51	74	75	70	5	0	3	91	54	5	98	80	99	47	38	61	97	86	58	2	95	58	74	96	1	44	42	84	25	50	45	15	5	51	83	51	73	1	17	99	74	75	6	78	20	67	87	50	53	25	56	37	20	70	83	29	85	3	73	44	71	10	63	83	28	48	87	76	0	2	5	31	61	5	9	5	78	64	40	69	60	64	79	77	46	52	99	45	82	52	10	67	18	13	62	30	40	87	26	72	86	57	11	92	61	74	53	86	65	9	79	74	34	48	71	75	74	59	15	40	47	83	65	58	20	10	38	93	44	17	72	81	12	36	50	57	7	43	45	15	8	87	88	44	50	53	20	51	87	67	22	45	35	76	83	11	57	5	43	7	86	21	61	26	41	39	71	83	43	20	85	70	71	5	12	59	90	30	62	54	41	88	33	53	20	74	27	
91	4	70	32	65	5	17	38	43	14	84	9	66	9	77	77	61	18	63	99	37	48	1	98	42	41	91	20	39	16	74	56	75	73	98	42	6	40	75	81	40	46	9	81	24	89	34	74	65	54	1	45	23	14	76	18	64	30	15	26	79	37	92	60	5	41	20	44	63	0	36	60	44	49	61	75	72	63	10	99	87	87	3	1	11	98	48	8	33	85	28	29	7	57	12	19	39	23	28	59	56	66	88	18	53	12	25	86	92	6	30	55	54	19	26	64	9	89	96	47	15	5	95	66	4	61	1	83	91	11	39	87	84	48	46	23	90	50	79	87	84	16	50	36	5	1	21	26	16	28	66	95	48	71	19	4	56	89	61	25	71	22	75	83	63	55	0	15	67	80	97	54	45	27	94	85	46	18	61	70	25	17	12	80	6	41	60	77	75	33	90	70	10	16	38	68	74	11	48	62	
28	49	27	22	23	37	45	14	51	92	89	69	71	77	11	99	43	66	18	57	29	73	33	77	3	43	92	34	33	4	63	57	73	37	91	44	9	56	60	8	42	11	25	23	91	92	3	46	37	47	50	78	12	96	53	70	68	57	47	69	95	66	84	78	58	25	59	92	8	37	99	41	98	78	97	7	17	89	80	47	58	54	91	94	7	96	72	13	76	18	97	84	33	29	53	51	19	25	6	41	75	88	50	99	2	37	77	78	91	58	77	1	52	99	21	69	84	68	92	30	62	77	18	75	18	0	8	7	29	39	5	12	58	77	89	81	76	64	2	91	84	58	39	68	29	1	25	13	47	95	46	78	40	10	92	68	2	21	94	42	14	69	50	93	95	92	79	15	31	0	79	19	42	16	6	20	72	28	54	12	33	38	10	47	49	10	85	97	59	98	15	96	79	59	27	19	3	69	9	93	
19	73	97	30	65	58	62	21	12	21	40	30	22	14	63	35	17	52	20	82	46	5	55	14	20	28	51	75	5	80	71	99	12	78	62	32	82	90	62	56	15	83	31	68	81	73	94	49	52	1	1	29	2	20	97	18	53	64	55	17	62	52	13	62	54	7	88	60	1	1	24	31	80	22	24	58	14	4	8	53	86	44	9	32	53	92	50	86	35	36	2	60	61	79	47	4	69	17	71	31	9	19	30	4	3	47	26	32	82	23	90	27	11	73	19	39	59	61	42	21	80	51	28	29	67	63	28	59	20	55	45	12	39	48	68	42	15	13	33	41	41	58	15	51	67	97	63	39	73	79	1	87	53	73	45	95	19	33	45	86	85	21	4	28	94	48	72	41	14	25	45	78	94	69	54	54	70	79	97	0	70	50	62	92	91	59	42	56	79	50	18	9	43	44	43	43	86	43	36	70	
31	50	35	63	70	83	82	51	32	72	22	22	63	34	67	68	80	53	98	54	51	36	54	48	43	84	38	44	89	37	10	63	2	77	6	67	60	50	48	25	37	43	61	4	84	91	78	64	90	1	69	49	40	60	39	72	23	55	42	88	92	45	92	93	99	77	47	15	25	16	76	10	57	56	30	27	40	48	40	22	15	45	63	82	66	66	7	51	96	31	90	79	26	37	14	45	34	34	96	78	64	23	77	62	60	32	82	31	35	87	60	88	49	17	41	13	96	74	63	79	78	56	66	65	88	43	30	26	75	57	43	25	70	65	12	91	18	54	24	31	90	10	36	45	82	52	18	82	22	84	23	39	45	93	7	9	45	25	70	60	78	65	75	80	26	83	6	22	59	35	20	72	53	42	42	13	88	26	31	40	41	83	62	95	69	90	88	43	31	9	87	79	19	70	73	95	41	6	48	16	
19	2	70	5	59	40	23	49	9	4	58	84	45	61	89	75	50	20	65	37	62	40	85	56	18	61	15	53	86	36	65	80	75	91	19	80	53	38	91	47	59	9	61	85	61	84	60	28	17	86	90	37	23	86	64	65	96	90	3	11	14	86	24	74	97	39	86	34	86	25	37	97	13	2	15	96	10	86	79	84	64	73	84	55	37	59	27	4	23	24	69	16	81	95	0	66	22	5	27	18	38	85	90	89	50	30	25	33	47	41	90	69	84	27	33	93	85	19	15	80	8	39	39	53	46	57	34	84	43	38	43	58	11	26	35	29	60	1	21	60	25	22	4	30	18	71	48	29	51	54	12	57	27	75	43	82	85	35	98	64	22	57	73	91	98	75	37	92	86	4	53	0	15	49	67	75	40	75	34	99	98	16	50	83	84	93	12	83	75	12	3	39	72	98	69	68	86	58	83	91	
32	70	97	17	10	98	57	20	88	7	89	81	3	85	65	62	76	81	87	67	32	58	67	32	74	22	51	10	97	86	56	52	9	80	67	17	5	21	74	81	12	15	8	65	97	12	88	59	29	26	67	78	43	23	20	94	26	65	28	25	59	54	87	68	3	53	49	2	29	22	36	2	61	12	95	95	20	39	36	0	36	80	96	14	29	77	27	27	14	25	75	45	45	28	9	44	17	93	74	61	18	85	65	64	12	14	23	44	89	44	93	15	86	75	22	89	17	58	92	75	60	88	92	73	18	26	58	47	39	1	79	21	59	14	22	66	12	8	63	88	24	96	35	19	65	20	65	72	88	99	26	88	70	78	47	30	99	77	93	5	53	68	38	15	80	32	19	68	76	90	71	39	84	91	49	72	19	11	86	6	29	56	58	51	27	62	97	35	40	1	60	22	95	63	5	75	98	37	76	42	
2	84	19	72	14	5	13	2	90	31	80	4	73	37	56	49	30	8	29	77	32	66	25	74	73	53	8	24	73	51	12	12	68	31	48	52	69	82	25	41	48	32	96	38	31	14	72	73	37	21	92	60	51	64	5	34	83	86	1	67	4	55	77	86	80	35	73	63	14	54	85	30	59	83	85	39	64	30	82	91	30	72	88	11	95	79	59	12	21	91	50	76	11	49	13	73	33	55	38	20	25	57	71	80	1	63	2	4	7	23	77	51	11	45	71	87	25	67	81	50	7	87	38	46	31	98	64	16	62	11	96	16	21	27	37	11	48	68	2	49	73	12	42	29	55	53	40	64	7	15	57	63	57	75	66	82	52	4	20	74	81	51	82	78	78	95	0	99	78	15	34	85	5	48	65	86	86	40	40	13	53	33	16	79	51	78	96	40	37	75	39	97	97	17	92	55	85	11	60	32	
78	51	84	33	76	8	2	48	36	64	22	23	2	11	62	98	14	61	50	43	51	65	79	5	18	2	34	79	81	9	81	94	80	17	11	49	22	85	93	21	12	0	86	38	11	63	79	29	36	58	87	20	53	85	81	72	24	12	77	94	35	19	47	58	99	20	40	64	18	1	77	4	88	13	12	57	87	35	66	6	54	80	20	95	84	31	48	55	51	70	96	31	55	95	77	34	93	0	81	67	8	53	55	37	7	81	57	57	23	52	72	87	32	68	96	71	63	98	35	23	70	17	51	23	80	18	36	52	85	62	24	53	10	25	11	32	81	68	79	98	22	30	93	11	43	33	51	53	39	76	49	43	95	28	62	81	79	48	16	99	43	50	8	68	81	49	73	93	74	40	61	79	37	21	57	10	97	4	61	68	96	79	87	3	25	91	14	66	7	89	96	63	43	86	94	69	59	17	28	41	
94	63	76	21	96	77	43	80	35	35	95	30	65	0	45	7	60	75	18	50	65	37	62	12	64	64	89	83	56	92	93	83	17	9	22	96	74	6	77	82	10	49	52	80	82	63	34	51	20	64	11	96	52	19	48	63	36	80	61	24	95	96	80	78	23	97	54	19	79	24	13	74	24	75	32	57	76	84	68	51	22	52	19	21	28	5	3	46	66	89	58	17	81	15	57	56	56	83	56	71	68	22	47	74	79	64	83	67	23	43	49	88	68	37	64	13	43	86	11	55	10	3	21	22	25	75	76	57	52	84	45	7	33	70	49	84	5	85	54	83	90	60	34	89	83	15	58	4	27	61	99	77	32	99	85	26	96	86	76	7	0	16	43	93	1	78	6	74	64	45	48	9	65	75	99	98	75	5	15	29	32	88	1	92	44	68	94	22	85	69	10	51	90	49	97	54	32	16	53	0	
42	80	6	12	1	44	75	83	84	91	61	52	7	53	47	24	62	47	4	61	41	68	62	62	87	73	40	29	15	58	35	88	49	23	22	77	54	82	95	64	58	10	11	27	55	41	14	13	7	15	76	52	16	83	8	27	63	12	78	88	54	73	3	19	12	57	42	23	87	79	52	81	74	21	1	8	29	40	5	12	45	32	33	67	85	22	39	42	98	60	70	60	16	13	83	22	34	71	13	91	77	45	55	11	74	45	20	71	60	86	42	80	73	7	95	6	36	5	81	91	77	80	44	85	66	46	41	48	93	48	40	1	71	97	43	84	55	85	59	78	81	91	27	4	79	75	83	60	70	28	4	86	14	97	4	6	67	16	58	68	96	64	97	20	46	80	51	26	70	97	66	87	76	67	73	86	63	41	96	38	59	99	0	83	90	25	55	47	48	63	18	29	86	48	70	66	37	92	90	92	
77	26	97	62	72	78	64	38	18	4	50	43	6	33	47	23	38	76	0	34	64	38	33	76	53	11	87	4	61	42	53	74	25	7	97	1	18	51	51	34	86	12	65	12	79	36	79	89	48	57	28	85	56	79	50	22	84	49	58	81	33	38	15	8	3	0	69	70	85	48	75	63	12	50	94	5	47	86	50	32	2	8	29	17	12	24	99	88	91	99	93	79	66	44	18	91	37	94	49	93	85	95	89	50	41	49	48	45	58	12	13	26	26	10	77	5	15	39	94	12	58	85	15	62	52	47	32	9	29	81	6	44	36	98	7	26	83	26	15	77	7	59	79	91	58	2	4	10	9	34	7	0	13	90	29	84	53	29	38	24	45	0	47	12	91	39	93	95	99	8	48	73	99	1	95	77	92	48	88	68	3	46	80	95	0	94	17	59	56	81	52	71	79	19	48	16	48	67	25	77	
94	83	58	92	53	59	56	45	94	41	87	35	16	3	3	77	35	42	29	8	23	6	22	50	18	74	89	54	87	82	25	8	26	28	5	59	50	49	79	92	79	29	88	6	33	9	58	83	42	93	85	82	98	53	99	61	53	34	19	19	52	92	66	12	41	14	45	74	65	79	24	53	18	38	83	29	6	12	82	75	61	31	39	70	23	63	53	49	22	47	73	51	13	73	88	34	37	2	43	4	59	96	63	0	65	30	37	54	54	36	2	55	80	57	13	20	3	30	62	4	84	48	67	45	21	65	46	32	52	47	78	66	39	30	47	17	47	37	25	63	6	9	49	37	59	14	14	87	36	67	3	84	78	49	50	18	94	99	10	0	97	53	54	16	42	11	85	92	31	42	35	96	49	95	94	31	54	23	39	88	78	66	75	80	18	95	25	45	92	69	46	45	7	53	92	97	76	65	57	98	
7	85	36	7	28	65	50	0	1	95	70	35	88	47	68	4	7	49	84	31	76	45	15	67	36	94	79	94	28	22	39	9	54	15	78	14	30	45	97	61	96	94	97	67	11	66	44	72	5	91	19	60	97	65	84	43	11	37	15	91	10	96	18	87	52	15	7	73	84	73	10	0	76	33	19	89	66	82	48	8	60	50	79	48	93	23	19	75	51	61	12	83	39	81	76	39	45	78	91	62	97	14	51	19	51	68	1	80	54	97	59	49	40	57	15	46	37	44	78	97	26	63	19	51	19	26	47	89	41	47	72	67	42	68	42	12	46	33	42	62	98	10	71	61	80	9	15	43	67	49	90	68	83	58	63	79	61	23	4	85	68	14	12	92	58	15	88	61	85	66	38	5	59	84	82	22	30	21	40	74	99	0	99	48	86	6	40	94	41	8	14	63	73	88	2	39	66	55	57	29	
37	23	89	21	44	24	85	91	21	45	41	68	72	42	65	25	83	16	38	49	13	52	75	44	54	4	3	58	21	40	56	52	40	35	68	71	74	95	96	16	73	14	58	41	55	90	51	23	6	23	10	15	94	97	81	87	7	11	22	21	92	62	90	83	68	70	98	39	57	67	15	77	82	0	91	13	43	34	70	58	79	55	11	78	23	34	45	87	46	68	7	53	39	45	44	44	11	5	91	61	60	53	21	95	40	49	21	91	97	1	6	19	50	69	6	43	69	26	23	70	4	35	26	10	49	84	47	37	23	83	3	52	43	61	23	12	44	7	11	83	12	42	35	61	15	81	97	1	83	91	38	24	77	93	23	44	14	37	30	81	74	65	79	73	3	3	25	58	28	38	61	87	73	27	1	72	86	45	90	30	86	95	4	95	25	17	7	62	11	10	99	84	2	61	30	27	52	58	47	88	
33	85	87	45	3	50	27	36	39	7	96	27	57	79	43	8	56	4	57	97	80	17	0	98	5	90	61	36	21	48	68	86	19	48	70	33	87	0	10	77	70	39	56	32	58	59	64	8	62	21	66	57	92	4	7	27	61	14	42	49	11	12	34	64	34	36	53	21	92	6	34	15	63	40	32	4	45	15	38	18	60	52	12	17	32	56	4	4	12	97	27	21	45	45	55	75	59	92	24	3	15	18	55	87	26	42	79	71	7	51	19	26	96	26	53	30	67	89	41	91	96	31	91	58	32	93	0	81	28	45	48	60	72	85	40	67	39	66	26	11	27	67	69	92	95	70	57	59	22	3	60	62	36	5	7	69	87	6	28	96	94	66	32	87	74	23	50	41	14	79	90	54	22	3	77	12	6	17	50	97	44	70	26	24	59	35	53	61	87	89	97	63	26	75	36	9	85	8	69	96	
32	18	64	45	48	7	51	34	75	34	6	40	26	38	27	37	11	51	75	23	67	26	65	58	70	5	73	5	66	19	9	64	19	94	59	43	4	22	67	7	51	85	0	64	71	34	95	93	15	76	53	55	28	97	37	45	83	35	97	17	69	74	42	58	72	83	96	45	35	34	64	29	47	95	53	28	12	60	33	0	91	31	69	85	45	10	41	92	98	1	90	75	85	79	39	44	7	42	86	3	20	49	15	66	17	28	99	80	68	95	99	11	23	2	13	48	39	93	88	55	21	40	80	15	66	60	41	0	13	98	21	5	63	92	44	17	39	14	80	78	72	2	87	61	31	41	68	76	29	26	91	91	22	40	1	95	62	75	84	68	84	20	1	54	1	68	63	83	59	15	67	20	16	30	37	49	86	43	71	71	36	56	83	23	47	16	55	5	90	29	0	98	46	31	10	10	42	83	87	82	
23	15	65	91	78	15	19	41	90	44	76	19	76	49	17	71	18	76	1	93	57	67	96	81	25	27	97	39	13	22	22	47	21	93	1	66	17	90	3	49	46	36	41	64	36	59	72	79	10	32	92	68	56	55	85	18	43	97	37	95	67	49	74	51	91	53	15	30	87	93	18	83	90	40	46	12	20	96	11	19	78	13	54	82	98	58	99	83	18	8	55	50	72	59	96	33	20	60	71	11	49	64	28	48	10	0	5	21	37	66	17	83	96	23	49	71	32	48	62	29	40	73	98	38	62	46	99	21	79	89	50	8	66	77	49	49	86	99	12	0	63	98	87	56	91	97	85	38	65	8	42	25	3	3	33	77	52	25	33	95	74	32	63	14	10	67	1	81	19	33	62	96	17	52	29	16	6	59	16	52	39	12	58	42	5	31	79	43	68	87	68	67	68	26	10	17	70	22	23	48	
11	59	60	70	16	52	86	41	3	18	28	24	22	15	23	72	53	68	85	2	62	22	61	74	69	19	35	36	98	73	48	66	3	4	28	65	83	22	68	18	85	81	80	4	23	0	41	47	50	34	13	32	67	12	99	98	48	70	63	0	5	18	80	71	63	92	76	87	71	26	33	63	16	84	57	49	86	1	84	31	82	85	18	73	95	38	64	17	67	99	93	13	16	79	70	87	23	40	23	34	87	60	10	57	60	56	49	34	38	28	23	25	24	91	5	75	33	13	10	50	37	86	41	6	18	73	28	39	76	67	90	30	16	23	54	26	24	44	46	13	59	18	52	36	3	65	76	83	69	27	98	13	86	16	60	68	96	73	96	18	4	26	92	45	13	17	35	52	54	29	35	67	90	75	53	11	45	21	69	64	32	81	24	50	10	33	73	27	38	73	19	7	36	92	53	96	31	28	75	10	
93	38	33	35	87	11	7	96	13	94	43	56	98	11	40	37	37	99	44	14	18	62	97	52	44	26	9	22	69	90	11	4	1	7	11	94	45	14	97	86	23	53	79	36	58	8	41	51	7	41	86	46	51	87	57	41	77	7	1	9	24	41	59	26	22	97	61	92	73	4	5	18	19	41	44	56	17	38	33	63	84	68	77	31	63	70	68	24	25	11	40	6	40	38	51	0	76	92	59	85	46	33	9	6	17	95	86	3	50	8	26	8	32	82	75	28	50	42	34	54	62	95	18	45	60	85	70	62	39	62	50	8	49	24	14	16	57	90	5	54	26	61	48	72	55	75	48	10	53	43	15	12	58	50	3	73	52	70	25	73	96	69	5	17	49	47	83	22	27	62	86	48	52	35	89	42	29	65	30	5	0	12	31	49	67	12	12	75	17	89	0	68	93	17	28	62	63	72	14	66	
87	72	4	3	37	12	15	99	22	3	75	88	30	7	5	69	51	62	20	42	15	6	99	78	11	93	0	69	10	89	5	43	81	83	63	44	64	45	63	1	71	30	14	44	47	22	23	76	32	60	12	67	89	52	93	58	74	77	71	67	39	28	61	42	89	75	95	34	42	62	61	18	42	16	12	24	77	18	38	66	96	84	2	14	4	33	20	21	42	34	75	67	5	6	66	65	7	41	89	67	62	79	9	77	96	77	31	45	21	51	53	68	13	93	60	95	23	52	62	32	88	51	64	42	77	31	12	37	83	1	84	8	37	32	59	62	53	88	49	67	13	41	23	96	98	48	57	69	18	32	72	12	50	85	96	4	35	19	6	19	81	9	40	92	39	45	2	13	30	21	29	6	21	64	63	4	22	19	94	13	91	98	77	51	37	99	9	24	42	22	54	38	98	88	82	32	71	2	91	78	
53	28	92	93	48	64	62	87	91	77	77	14	51	70	39	79	34	1	38	19	70	36	94	82	88	19	9	32	45	91	26	41	95	7	37	69	31	49	96	81	96	35	12	5	53	53	12	39	75	24	16	65	92	93	66	59	20	52	41	92	38	15	30	23	69	39	32	53	94	59	13	30	53	32	55	62	70	49	41	87	81	63	74	33	36	97	92	81	38	63	62	51	98	48	89	50	57	38	41	70	39	13	0	99	57	49	20	72	5	63	6	27	25	54	84	4	37	55	26	45	87	46	9	89	44	64	21	52	49	59	57	92	1	73	42	74	78	33	45	12	12	22	26	28	97	2	26	53	24	69	21	41	49	96	73	88	53	32	71	16	59	15	99	31	78	97	47	1	63	88	81	58	19	4	83	28	91	7	16	58	44	65	29	31	53	6	22	98	40	5	86	83	13	49	47	66	94	10	67	27	
32	87	17	42	27	68	15	65	25	88	19	37	61	48	42	22	0	62	45	96	86	77	44	39	45	85	46	1	66	53	30	0	97	2	39	63	64	93	99	10	5	53	87	58	69	66	35	26	76	92	77	29	54	81	91	57	29	16	50	78	26	52	35	20	98	79	29	13	13	29	26	99	2	70	62	22	45	39	98	23	23	15	34	30	97	33	72	42	19	66	82	91	25	24	43	79	31	80	39	90	70	50	18	44	79	40	10	21	44	95	13	42	35	63	24	15	54	8	15	37	25	61	71	85	99	57	30	86	40	25	11	0	84	17	9	38	50	3	86	19	80	38	24	53	46	28	36	15	6	40	60	38	38	8	94	95	89	2	0	47	97	5	23	51	23	91	52	63	62	54	50	59	29	44	53	42	6	43	45	43	0	76	46	85	46	88	56	58	91	13	40	4	46	84	18	61	70	22	23	85	
10	57	30	50	92	21	58	16	1	84	87	23	37	63	90	10	4	47	29	38	64	41	56	16	31	30	81	68	62	15	53	67	60	1	59	20	20	32	41	15	58	70	19	18	32	55	76	34	42	24	59	2	93	17	82	99	57	49	82	36	22	90	4	85	63	61	16	36	46	67	84	99	40	61	80	41	90	74	32	95	27	4	44	27	97	67	87	77	10	2	19	55	35	62	78	11	91	45	6	27	34	56	99	88	89	26	94	24	3	65	18	99	99	10	59	93	21	33	42	63	27	75	39	15	72	65	72	89	80	2	72	0	27	21	60	35	80	96	81	42	50	5	61	37	42	91	36	71	56	37	89	63	72	79	39	8	82	94	10	48	17	23	5	0	33	44	81	78	61	31	58	4	35	76	34	21	3	82	44	34	27	65	26	23	46	43	14	91	76	88	19	30	20	85	56	83	85	74	87	63	
31	0	32	77	32	79	45	55	52	51	82	66	49	22	38	38	83	62	24	8	19	57	92	81	68	51	54	16	43	11	86	73	4	39	99	99	86	93	18	3	92	91	10	10	27	80	36	44	56	68	65	3	94	11	93	48	9	9	17	69	42	75	22	20	19	94	35	60	59	76	84	62	67	89	96	35	4	27	58	37	78	54	98	75	86	51	34	83	11	20	44	47	55	90	34	64	80	47	93	12	19	19	4	71	53	26	13	16	49	14	82	73	59	36	46	77	59	74	59	54	18	52	3	25	13	71	55	82	99	2	28	40	53	30	70	65	62	77	88	79	18	15	13	41	8	4	89	5	55	18	7	74	86	67	23	1	49	32	53	60	56	78	89	12	2	32	74	46	35	82	97	46	78	69	83	63	58	33	79	34	33	88	11	77	99	15	87	12	34	48	64	8	87	3	98	16	13	86	8	61	
62	18	85	5	21	43	44	25	51	44	57	1	15	67	35	65	18	56	79	89	93	98	75	25	52	62	81	23	3	73	39	23	84	28	67	33	80	31	19	90	33	11	38	61	94	1	3	49	57	45	48	81	65	48	56	83	11	6	85	82	43	11	48	94	9	25	39	46	47	63	29	22	87	13	91	75	45	69	15	65	61	66	33	96	39	76	9	34	80	48	59	56	10	33	71	76	33	96	97	28	29	56	42	10	68	55	94	43	80	46	94	33	98	52	70	77	86	27	47	75	15	83	17	10	56	31	28	48	68	9	10	14	67	82	62	92	22	64	97	21	25	82	25	94	93	58	39	5	27	65	45	80	16	51	10	24	52	77	14	2	51	9	81	53	44	14	5	94	95	97	31	4	89	27	92	78	84	93	61	56	78	10	89	95	80	9	83	34	74	15	82	22	44	83	38	0	41	41	34	2	
61	65	89	73	42	75	30	63	84	80	62	5	82	62	17	55	77	44	89	3	47	61	88	4	56	72	54	56	49	86	6	58	43	20	61	67	0	4	89	71	53	79	69	49	91	65	62	0	52	68	49	88	11	38	64	88	84	71	28	93	21	52	21	85	93	27	89	11	14	39	59	76	64	51	47	92	74	11	80	82	9	34	2	8	97	16	22	19	58	5	24	55	36	95	35	39	62	65	65	29	9	96	17	26	47	27	22	69	7	31	30	57	49	30	61	80	37	38	25	59	84	92	18	61	35	38	59	41	32	91	47	4	33	23	31	71	24	12	65	93	1	23	90	69	86	67	53	44	60	99	38	58	80	7	27	92	45	79	42	77	98	32	85	33	9	96	64	4	13	44	28	60	29	73	66	79	9	73	78	7	50	56	61	55	16	51	10	47	59	12	48	53	96	68	66	72	1	31	18	98	
40	14	24	53	22	7	11	70	27	93	40	46	70	53	10	30	26	34	71	67	57	39	73	80	90	20	91	72	10	43	59	20	47	56	36	1	60	87	20	18	62	38	95	45	57	23	17	56	0	80	58	16	26	90	1	90	4	7	42	66	55	74	40	90	24	58	28	23	53	50	23	15	72	40	36	63	82	36	13	43	88	68	68	73	42	90	91	83	18	18	41	90	93	14	0	4	81	60	48	93	38	24	26	21	15	72	22	41	26	8	15	37	24	14	12	39	30	79	32	87	96	60	28	4	92	45	5	66	56	8	13	80	98	85	98	84	17	1	14	75	24	93	67	53	31	79	15	98	86	33	48	75	30	5	33	3	59	29	29	24	92	87	82	3	23	17	99	53	0	64	59	80	33	54	76	3	76	18	47	6	97	32	67	65	40	26	82	23	39	3	25	27	60	87	87	88	49	40	36	79	
26	36	97	33	8	19	60	95	77	68	34	74	7	35	88	47	10	71	86	86	99	55	25	21	66	23	41	56	5	89	55	17	21	61	56	50	46	35	25	45	41	64	75	78	78	56	65	96	36	38	66	94	23	65	81	28	25	40	87	87	54	30	22	13	35	32	4	26	11	60	64	57	11	46	35	20	7	30	84	40	78	85	8	59	17	93	56	59	41	45	97	8	29	5	46	67	91	76	26	34	54	12	41	44	57	51	53	50	41	44	5	91	52	32	14	42	66	7	27	6	90	46	95	92	90	36	67	57	32	90	81	82	67	92	83	41	2	74	89	12	25	59	18	62	95	2	19	55	93	15	2	34	31	28	98	66	76	45	0	44	48	85	70	9	55	84	76	68	2	3	55	48	30	96	81	99	97	63	64	46	71	52	9	25	98	46	17	43	95	69	66	61	46	94	79	60	62	57	94	45	
21	43	4	48	93	53	44	12	75	4	84	34	59	4	27	49	10	45	72	87	48	85	25	7	62	4	6	99	79	4	98	84	55	14	74	36	93	91	5	12	74	48	43	28	7	85	57	77	3	40	31	38	31	79	49	14	51	27	42	37	6	0	23	61	40	98	32	97	80	10	44	35	72	71	5	8	51	33	75	5	1	48	7	75	91	52	34	14	35	8	36	55	97	64	75	89	12	66	19	87	10	82	91	93	90	2	27	21	96	58	81	1	4	95	83	2	93	27	15	99	25	82	75	56	57	0	60	34	27	95	13	82	20	35	64	58	13	12	96	52	5	85	75	89	80	4	80	49	0	74	70	14	33	45	91	86	64	23	39	94	41	3	73	53	49	28	24	7	39	58	48	52	43	42	80	13	21	4	16	54	25	92	60	81	83	30	96	3	62	75	8	36	74	98	7	9	26	99	3	15	
10	3	83	99	82	93	54	46	55	46	65	18	11	12	96	98	51	76	71	59	59	82	98	32	94	30	28	78	23	82	73	61	16	88	34	14	49	2	70	55	59	23	91	92	23	60	89	80	57	16	91	79	9	26	67	39	13	14	22	75	99	59	5	23	27	92	60	12	44	37	67	95	87	77	32	21	92	82	14	31	77	53	72	11	43	33	33	19	7	47	20	25	7	36	36	32	97	31	42	39	49	29	60	36	56	63	30	81	27	43	12	79	11	56	38	99	91	84	25	70	13	7	63	27	66	86	90	29	56	62	26	20	1	12	48	70	90	2	40	31	95	64	71	20	35	48	98	14	37	47	22	31	85	90	85	75	28	38	19	72	66	0	10	38	14	32	12	11	17	93	30	36	89	59	31	39	94	1	23	33	34	22	2	61	80	71	37	82	59	14	23	51	61	14	93	59	12	7	48	16	
30	61	45	72	37	1	47	70	18	44	13	23	45	17	23	91	15	26	71	31	20	19	65	49	16	83	32	96	62	99	92	6	51	61	72	6	94	74	28	63	64	12	61	37	87	28	74	30	28	56	24	72	78	84	54	57	31	11	65	80	9	37	19	4	9	77	83	91	72	26	42	25	8	54	70	11	12	6	19	75	40	76	62	38	22	67	10	45	13	23	30	53	80	61	46	14	69	22	98	99	0	96	53	52	46	49	16	24	79	85	38	55	52	18	63	32	59	31	25	33	4	22	67	72	72	51	25	44	73	75	50	57	38	94	93	57	31	73	3	93	76	75	18	24	42	87	75	7	3	0	30	63	19	1	46	0	64	87	44	94	95	33	70	90	45	2	97	86	9	71	12	6	25	82	4	20	16	34	48	27	94	49	78	81	38	47	45	38	21	93	55	37	85	43	50	2	18	34	74	77	
13	78	70	83	87	0	40	26	88	28	4	68	1	3	21	5	29	80	95	54	15	65	9	43	45	1	7	12	96	60	12	1	96	51	29	55	56	62	6	82	68	60	31	13	31	39	95	17	56	41	77	47	81	75	55	14	45	28	12	45	56	49	47	97	48	57	26	94	48	72	73	45	90	31	43	67	25	75	28	96	58	69	33	74	3	18	49	77	11	63	9	52	41	70	2	55	51	48	20	58	18	50	99	81	44	71	46	29	75	72	75	94	53	9	41	39	86	24	19	44	1	87	10	15	40	49	94	75	31	21	87	25	51	48	6	28	80	63	51	88	56	94	93	92	72	92	37	5	42	75	64	67	65	59	44	60	20	15	15	23	94	47	51	55	10	90	46	77	48	64	42	4	48	97	46	72	15	58	7	85	74	76	41	67	42	39	98	47	94	24	25	37	54	83	77	82	48	24	41	24	
87	57	4	36	68	89	22	32	95	76	89	27	74	48	38	54	19	72	32	61	21	31	16	43	41	12	40	32	9	46	61	49	48	51	36	53	32	82	72	62	42	9	26	38	68	97	35	26	66	49	11	78	90	98	47	7	17	23	72	89	64	3	52	4	89	92	42	75	31	91	89	16	1	2	39	67	21	28	96	58	98	91	2	6	52	84	99	76	56	46	18	67	93	1	0	93	77	43	7	13	98	98	45	85	44	34	94	10	91	44	16	14	23	9	29	12	68	84	44	6	45	44	21	84	25	98	93	53	28	57	81	88	84	5	40	34	15	2	9	30	46	3	40	6	81	23	60	53	14	4	86	90	32	66	37	0	87	47	21	11	98	29	74	32	66	86	6	29	98	92	27	44	25	32	28	82	99	34	92	52	9	14	21	6	16	78	58	9	25	84	10	75	66	52	94	44	15	3	70	68	
18	99	41	32	73	11	0	39	99	77	72	34	85	99	68	88	23	44	17	69	4	9	29	73	74	73	35	9	68	13	13	81	61	32	42	69	2	3	27	27	24	33	0	43	87	59	60	95	20	51	9	72	58	62	30	45	89	24	95	75	76	76	51	98	76	74	14	56	82	86	55	96	2	1	1	75	27	62	21	15	63	55	82	39	71	95	49	23	79	14	53	9	28	16	4	18	52	14	1	45	32	14	14	9	45	30	2	61	32	88	90	16	52	69	20	30	62	88	1	56	36	58	50	28	12	89	92	77	71	82	16	11	54	0	76	50	77	94	71	77	95	53	85	70	6	96	16	69	0	61	80	90	32	53	21	44	11	87	14	16	42	81	30	51	28	0	91	15	50	88	4	93	35	25	16	49	43	4	93	59	84	73	4	91	75	74	30	12	73	9	19	13	6	44	51	8	27	66	53	29	
88	73	74	67	65	35	40	26	78	2	84	17	83	30	61	54	69	21	25	53	11	77	31	54	65	6	83	95	7	26	32	10	19	80	4	56	36	13	61	36	87	18	91	58	44	74	69	79	7	43	2	70	13	98	86	18	9	36	23	4	31	16	6	8	32	50	6	3	21	81	66	74	42	42	64	80	36	79	54	27	23	39	86	1	34	27	35	53	28	45	86	31	79	20	11	70	77	81	24	89	79	61	72	31	39	13	42	64	78	75	13	20	18	66	4	7	14	1	23	15	60	9	21	51	20	22	69	64	91	24	11	94	59	43	0	20	70	64	90	77	23	39	62	4	12	11	5	47	66	37	22	8	96	1	18	93	90	5	42	58	10	8	54	61	0	76	47	94	24	73	27	21	70	7	81	42	61	62	7	91	78	21	12	16	27	48	79	52	68	59	47	0	66	40	81	87	47	68	12	50	
43	16	9	9	28	55	57	13	46	8	64	16	17	62	28	0	27	2	43	41	71	10	36	31	56	89	69	28	68	87	54	78	0	63	0	64	29	47	48	8	81	24	76	98	68	84	16	99	18	76	35	48	86	92	25	70	62	10	29	19	50	53	92	0	83	60	52	19	0	7	20	52	39	95	5	80	30	75	74	9	34	98	61	17	66	23	13	96	85	31	1	9	93	58	75	91	0	23	66	70	85	14	2	10	69	76	45	86	16	82	83	58	82	31	67	99	90	60	33	63	34	33	66	62	70	86	50	51	96	75	13	81	97	50	33	51	41	80	3	66	89	23	10	38	2	59	9	67	55	35	89	87	67	67	74	89	93	21	75	12	77	48	58	15	8	93	67	33	61	57	12	78	58	73	49	69	42	42	77	92	48	60	37	78	54	94	43	55	49	70	28	27	64	91	0	33	57	57	62	78	
19	66	74	63	58	75	38	8	13	89	45	63	50	51	57	49	33	37	9	8	39	75	7	18	50	15	99	98	65	16	47	37	76	60	35	0	2	87	14	53	25	40	4	44	17	79	92	21	86	20	10	83	30	46	25	99	69	65	23	35	27	35	57	54	21	82	26	98	62	99	89	10	41	66	75	66	48	70	3	89	63	72	24	33	75	0	97	41	90	28	8	84	11	94	94	38	37	29	52	89	45	12	18	62	17	3	76	38	15	67	42	97	22	0	78	30	33	33	34	28	14	5	91	32	95	97	68	59	43	59	32	77	95	26	55	25	57	72	1	68	51	33	69	33	25	97	21	89	57	73	43	60	43	78	79	84	36	84	12	15	73	31	2	13	13	17	2	32	17	44	54	55	88	93	3	53	34	58	55	27	90	88	85	34	63	98	21	92	1	43	70	25	45	78	10	21	95	21	4	93	
97	51	33	64	49	52	73	53	32	87	58	35	85	54	8	28	80	6	68	87	72	98	6	29	25	27	69	47	52	18	53	86	13	82	8	35	2	92	91	22	30	53	86	30	5	59	23	8	92	72	92	34	49	64	51	79	0	31	22	97	5	12	88	66	89	76	14	95	8	50	69	6	10	43	65	32	75	83	52	1	2	40	89	17	9	31	14	35	78	17	85	71	49	74	78	13	73	50	40	73	39	46	27	51	91	26	1	9	6	77	21	23	57	9	47	47	31	1	19	49	98	85	82	27	32	26	23	51	46	79	44	81	30	16	84	28	37	33	89	52	67	35	55	34	7	91	35	73	40	64	74	42	78	84	90	75	88	74	99	92	34	99	24	62	10	52	89	29	95	76	2	30	82	87	13	54	15	59	20	47	72	22	7	41	61	77	76	79	42	56	26	76	22	83	43	77	66	5	94	91	
71	84	30	54	66	99	13	88	36	4	51	32	98	4	85	94	3	24	60	73	57	22	83	4	18	71	10	74	31	89	47	28	28	92	67	29	11	53	57	23	16	42	62	53	78	94	53	9	64	42	47	75	79	29	75	83	79	21	92	8	52	91	99	38	74	97	68	75	78	10	94	90	50	82	63	53	17	64	99	50	40	3	0	37	24	81	66	28	63	35	1	60	2	98	84	4	89	86	18	24	67	26	88	43	6	87	33	94	55	2	43	17	87	46	87	89	89	26	64	49	67	89	77	33	49	23	76	9	21	76	72	35	73	93	7	33	56	62	45	50	3	84	56	51	45	63	45	97	17	44	65	18	92	90	5	65	68	35	8	72	74	1	58	49	81	71	42	85	88	58	14	97	30	42	51	86	58	82	96	33	17	39	92	53	16	34	4	54	95	8	11	2	28	52	0	97	50	19	30	97	
14	72	64	80	71	75	48	64	90	16	18	26	77	47	14	39	73	62	14	56	23	15	3	28	99	90	47	56	21	3	51	99	1	67	71	11	51	53	19	20	29	21	11	40	16	67	43	33	37	89	11	12	31	92	42	67	7	94	82	54	77	42	53	77	23	71	20	94	85	26	44	34	43	12	69	39	10	21	62	70	33	39	16	62	88	95	5	54	16	29	29	70	75	47	84	9	60	65	94	88	30	56	18	31	92	49	22	58	96	91	45	26	46	77	16	66	30	75	67	92	15	17	1	5	26	60	43	86	74	32	25	90	21	21	6	97	52	16	53	90	74	79	34	93	75	3	0	15	40	2	42	3	18	21	76	63	51	51	63	56	2	52	81	67	11	90	44	94	80	30	87	23	23	51	34	91	39	32	2	22	31	11	0	87	70	6	92	23	86	85	48	44	48	66	59	40	40	63	0	57	
34	95	86	44	0	40	49	41	8	72	0	74	26	29	74	90	59	55	97	30	49	10	89	64	56	78	58	85	51	32	21	1	67	26	28	70	96	46	34	85	88	75	33	72	6	42	16	81	90	45	13	8	31	86	92	70	38	23	78	78	60	21	96	25	95	23	64	64	95	93	55	17	13	62	18	0	58	88	62	49	53	7	94	96	78	61	27	13	66	77	36	46	52	74	57	34	31	75	7	35	11	29	42	8	90	53	29	62	71	84	23	85	29	33	55	19	50	19	55	45	89	40	95	90	74	38	40	65	93	45	88	39	53	38	72	42	39	18	97	89	48	38	33	45	15	40	57	69	44	84	56	78	89	49	95	89	24	47	81	43	83	45	55	44	68	87	32	43	39	48	47	53	66	34	94	13	41	27	83	69	0	55	41	16	35	20	12	32	35	87	35	78	79	52	92	9	82	42	60	19	
28	36	64	76	44	12	18	17	77	83	45	12	61	22	80	84	27	68	83	91	89	28	71	92	10	41	20	74	7	65	26	95	53	36	21	60	7	20	99	70	97	31	91	18	52	83	91	44	62	5	71	53	90	64	37	52	93	25	14	13	28	90	35	58	14	24	89	98	26	62	59	46	63	91	46	26	52	48	7	10	14	31	72	63	65	48	13	26	82	19	26	40	96	15	67	44	71	26	93	37	82	49	67	99	57	20	4	45	62	19	11	89	29	79	27	21	15	68	14	23	67	36	1	92	80	73	49	97	52	93	92	22	67	71	55	44	25	65	96	99	85	69	33	21	77	9	75	26	55	16	58	81	55	27	97	12	40	92	7	5	1	90	9	97	68	22	3	97	77	51	63	23	14	18	71	62	40	68	60	35	54	12	63	62	53	56	29	53	83	12	95	64	94	3	75	33	13	20	94	82	
95	81	7	62	0	70	38	1	32	4	74	28	99	4	58	21	7	0	82	35	89	37	14	70	91	76	23	23	71	55	66	32	58	67	99	59	52	21	58	12	59	14	66	72	31	88	90	50	12	94	58	13	4	67	7	32	4	84	15	35	14	72	41	61	49	78	7	12	73	83	7	9	31	73	23	96	89	95	41	85	87	62	55	76	73	98	88	33	9	15	90	52	13	83	7	87	14	21	87	2	44	47	44	35	98	1	17	68	74	51	69	98	46	77	20	28	22	50	95	37	54	78	69	59	73	16	74	69	28	73	48	48	72	59	46	34	83	83	45	35	42	98	27	93	0	6	78	56	91	26	85	56	83	60	70	68	37	87	28	47	11	65	17	96	50	49	69	82	1	6	62	2	92	54	27	39	21	6	43	53	71	40	10	66	57	17	31	46	66	72	10	57	26	65	31	11	30	23	25	79	
74	87	12	45	48	65	32	19	88	24	62	87	71	30	62	27	62	22	3	18	23	87	0	75	51	50	49	20	3	39	81	14	21	5	11	43	79	56	84	85	35	21	23	13	6	81	8	4	43	30	75	36	5	19	70	50	93	35	18	49	89	10	75	41	57	56	68	1	17	79	45	69	1	48	59	16	73	97	69	92	72	70	98	71	27	38	88	72	32	89	65	71	2	69	49	70	64	89	14	7	65	90	23	75	54	77	13	36	23	26	1	43	74	85	32	64	82	22	57	27	96	15	95	85	51	90	99	68	61	48	73	0	43	53	72	31	38	13	1	44	85	28	84	45	7	56	77	54	17	97	42	22	21	70	62	69	26	82	67	91	4	43	73	89	93	92	99	22	49	87	79	37	43	55	77	6	32	34	2	23	65	25	23	61	43	17	9	4	35	92	3	15	93	45	67	50	40	43	79	34	
55	84	64	43	0	23	18	82	62	87	86	0	30	51	59	88	78	56	13	73	97	70	5	81	44	3	94	90	98	41	73	37	20	67	11	33	8	40	37	26	71	24	65	96	67	67	64	84	74	80	0	93	9	51	23	71	73	51	35	6	19	16	17	14	72	72	36	0	76	37	71	64	97	68	59	1	40	5	92	23	55	32	88	4	62	46	33	91	4	96	20	17	62	66	6	41	59	56	4	4	48	92	43	50	18	67	69	44	6	89	96	87	5	16	24	57	29	5	33	56	73	71	35	32	48	40	38	55	10	50	2	12	7	59	83	51	96	6	22	33	37	31	32	43	5	5	53	93	45	26	93	10	68	27	15	95	9	63	31	22	35	95	90	77	49	56	25	99	9	85	7	51	56	35	95	71	97	42	46	36	31	6	54	5	65	57	49	6	19	85	34	20	27	2	32	98	91	85	90	38	
3	78	70	79	24	80	2	11	38	44	99	25	43	74	56	34	88	44	16	88	37	19	42	19	46	11	97	72	37	75	50	81	69	43	29	36	88	28	46	15	76	46	44	93	8	12	79	95	85	32	84	66	69	73	49	73	21	35	52	79	34	58	64	10	6	56	87	83	72	17	8	48	20	57	74	60	54	21	58	58	8	94	93	87	95	67	17	1	70	25	65	7	31	62	62	35	56	16	61	44	38	40	43	61	76	96	83	53	70	65	10	9	65	9	43	76	72	60	31	0	46	86	9	59	91	87	94	55	6	3	69	54	83	2	57	21	49	39	38	57	55	24	91	94	41	78	31	57	36	22	71	80	98	13	15	56	95	97	21	22	31	18	26	18	70	61	76	46	84	67	40	72	99	49	57	37	18	76	64	65	46	76	12	27	96	39	95	21	94	51	90	0	65	72	53	88	25	46	90	43	
79	91	67	17	51	6	64	28	73	15	11	45	70	17	52	67	53	83	93	95	69	59	23	90	27	22	39	8	76	73	3	21	4	0	42	97	85	5	3	12	87	56	51	9	62	59	53	30	34	61	10	2	24	44	6	42	53	75	21	41	72	21	13	42	73	37	89	36	29	60	11	58	62	30	64	53	35	72	76	55	57	66	73	38	49	5	56	90	83	19	62	83	20	8	66	52	32	90	85	57	50	9	76	33	63	62	86	84	23	29	81	90	8	49	6	6	55	51	61	13	33	63	7	36	17	89	19	10	43	64	49	65	21	93	86	89	15	95	34	78	38	34	43	4	73	18	69	86	36	90	52	19	47	30	67	6	99	95	28	67	44	66	33	12	65	61	84	82	16	73	6	89	59	3	15	11	2	34	19	44	56	75	75	80	65	61	61	14	29	92	85	26	93	73	85	93	51	63	44	84	
68	85	52	59	39	36	49	93	34	36	15	62	0	0	16	8	31	67	64	27	11	86	69	84	48	12	18	53	50	40	20	71	21	82	72	76	21	89	45	53	32	61	90	85	12	41	84	92	69	29	53	54	38	51	18	14	76	31	15	83	67	0	4	36	81	1	25	78	22	70	27	87	26	84	2	24	47	56	98	86	91	29	46	75	10	89	6	25	44	67	68	81	61	18	22	38	74	85	23	39	98	22	2	79	75	10	69	16	98	80	44	4	21	26	54	57	86	29	85	47	6	11	30	80	53	60	68	0	94	50	34	95	56	3	32	61	90	30	30	17	52	77	12	53	11	89	90	81	31	55	97	78	49	28	20	83	15	93	96	52	96	93	74	8	52	39	83	9	17	52	26	70	70	78	67	41	25	88	48	91	68	59	76	29	49	65	10	72	98	36	91	90	7	94	52	80	87	76	7	92	
75	5	76	80	71	49	61	64	47	67	22	50	26	97	52	32	81	14	76	40	6	19	52	56	13	75	99	87	96	96	94	5	84	48	64	59	24	72	6	63	29	69	11	91	12	88	67	16	7	76	51	15	80	28	94	27	49	90	16	7	28	12	98	60	60	57	14	62	32	68	97	24	96	42	0	97	67	2	5	67	74	54	54	76	4	64	64	84	51	23	97	66	59	44	92	29	11	89	51	22	60	82	7	37	94	95	40	42	2	69	44	83	34	73	41	79	57	19	99	18	82	33	64	68	20	80	40	60	41	44	13	51	23	44	20	1	12	91	99	56	50	71	50	3	19	72	61	30	43	37	67	81	72	20	92	14	40	48	14	13	82	1	27	44	10	27	32	84	67	30	5	51	74	30	56	70	1	8	72	99	71	86	11	77	60	73	86	44	54	72	1	81	82	4	82	18	68	98	54	94	
93	33	19	32	31	3	38	31	4	0	4	47	49	46	89	46	10	47	97	98	39	28	30	54	37	17	56	76	78	79	76	31	75	8	52	95	77	99	63	71	72	28	93	37	84	49	95	28	42	62	41	39	2	95	33	94	67	25	40	76	32	5	80	20	38	1	0	88	47	20	89	79	97	33	65	14	5	98	90	76	76	3	70	28	52	95	62	36	36	16	38	72	1	24	67	72	84	67	84	30	77	47	50	0	7	94	30	14	87	43	18	9	32	66	77	88	68	34	57	56	72	1	39	96	21	19	84	14	95	95	50	22	36	63	67	64	50	79	24	32	91	10	62	43	10	57	57	53	15	81	5	19	31	64	10	85	53	12	61	56	13	11	36	3	4	82	64	13	59	25	37	93	12	61	60	86	18	70	70	0	92	57	75	75	5	57	51	83	17	77	60	33	44	86	86	35	72	99	56	94	
0	83	99	21	39	58	86	42	80	33	32	96	76	40	15	22	74	22	26	38	40	3	66	70	59	21	30	99	80	74	97	48	50	86	29	44	80	90	21	91	40	33	28	47	70	51	85	78	3	96	28	29	3	10	43	81	81	47	86	26	22	50	25	81	61	93	7	69	42	69	60	66	46	34	49	6	19	6	12	45	98	17	24	41	29	10	6	44	0	85	37	70	39	12	49	14	2	13	54	44	25	27	17	65	98	61	99	88	95	69	74	66	84	96	14	61	19	23	32	45	15	30	12	28	46	57	20	76	95	77	81	71	82	52	34	66	89	65	23	83	1	15	49	34	2	34	95	78	52	49	82	18	41	42	38	3	80	19	88	14	21	69	60	16	77	0	12	60	41	75	4	76	93	70	97	99	26	26	17	60	13	76	89	38	24	22	79	48	32	3	3	12	73	46	47	83	69	59	63	51	
87	18	98	94	12	53	76	11	61	96	62	15	33	60	48	22	87	29	15	83	11	33	86	14	21	55	87	14	50	97	78	16	68	26	13	63	42	55	4	72	48	21	54	46	21	84	6	16	94	92	50	64	80	89	25	56	86	57	71	58	89	41	19	81	90	76	98	28	82	33	91	24	37	88	36	46	56	38	6	61	65	6	5	82	33	27	3	23	25	83	63	78	54	17	68	28	70	35	8	72	37	76	91	90	58	30	47	66	3	84	13	38	35	83	95	33	94	79	81	29	64	61	8	64	72	39	14	35	61	24	87	92	66	26	32	2	65	66	58	35	14	31	59	26	74	28	49	47	0	36	48	52	5	12	69	45	68	32	84	8	69	22	88	88	21	96	44	49	12	57	46	57	83	60	75	65	97	72	50	82	6	16	21	83	23	71	74	93	61	8	32	78	67	25	34	83	76	74	53	77	
78	54	37	43	5	41	62	55	40	88	22	10	86	53	91	70	29	43	99	83	64	55	36	34	88	26	93	46	92	32	28	48	86	33	98	50	18	71	29	92	19	47	45	85	89	85	25	45	53	3	29	8	8	37	89	10	14	16	89	61	40	26	81	21	30	19	73	30	7	38	78	13	22	21	11	13	61	14	46	77	10	95	71	76	58	22	87	8	51	24	3	55	98	80	56	0	64	87	91	23	11	61	1	24	9	83	1	66	2	97	23	20	43	48	9	74	17	2	89	6	98	89	90	93	62	37	24	29	90	53	55	12	54	6	84	79	8	77	18	30	95	26	60	88	74	9	52	75	62	45	73	58	42	52	26	59	21	87	86	8	79	46	57	21	5	72	69	37	76	1	79	63	85	85	16	16	98	51	47	38	65	50	53	87	65	28	12	12	2	88	62	93	47	78	70	44	72	70	9	6	
43	81	18	69	3	90	21	44	2	53	82	72	57	15	90	17	70	13	19	29	46	98	84	5	22	79	28	75	82	10	4	63	30	69	97	6	17	13	21	12	80	59	73	77	22	34	96	89	0	67	35	26	69	39	7	63	15	87	73	2	40	18	65	34	45	0	32	32	65	86	21	4	15	6	45	17	77	29	30	81	9	24	8	10	74	8	89	51	72	62	29	19	61	87	14	88	48	30	13	51	5	92	0	9	7	17	9	3	94	74	89	3	4	85	79	6	13	37	96	81	80	35	70	84	58	50	57	66	12	24	58	69	13	29	88	85	80	33	9	64	0	18	41	89	89	88	27	78	67	34	45	57	23	54	98	17	83	73	51	71	87	29	6	91	50	67	95	34	66	1	2	35	19	69	62	77	47	56	96	13	52	47	7	79	73	0	64	71	62	81	92	11	10	45	25	84	63	80	74	39	
81	98	19	73	52	99	96	39	4	78	74	12	79	88	48	52	34	48	5	10	38	6	39	50	30	25	40	6	13	62	25	4	81	71	32	42	35	68	86	25	39	65	78	22	45	76	82	34	82	7	68	2	89	67	13	41	61	84	98	58	35	74	68	9	50	4	5	25	87	87	21	40	32	34	19	92	29	69	6	31	37	8	5	18	71	18	99	38	77	35	23	0	22	80	42	11	20	2	83	23	49	26	5	57	3	80	30	74	24	38	72	94	11	55	12	59	1	74	38	95	0	77	0	23	6	56	0	80	67	48	73	0	56	8	42	22	24	11	29	80	57	78	3	51	12	41	21	13	35	18	49	19	12	67	91	28	90	38	18	58	19	98	19	32	85	88	88	61	59	84	90	5	61	38	77	3	73	17	45	67	84	84	2	73	39	36	98	18	99	42	80	12	4	25	69	62	63	84	34	49	
40	2	56	90	79	19	88	96	64	76	83	42	64	50	23	0	71	0	45	62	60	83	65	18	67	0	28	38	79	22	37	11	83	93	88	50	72	31	29	4	58	49	68	13	1	37	94	17	50	60	54	32	73	15	91	72	50	4	99	70	17	43	97	5	60	26	41	58	8	43	12	53	27	52	27	30	64	49	23	45	34	87	55	96	51	0	92	50	18	84	26	64	92	35	70	16	71	53	43	34	97	23	92	41	7	58	92	10	43	70	12	17	54	14	27	41	86	20	33	33	47	17	22	84	48	10	35	77	9	16	70	82	82	31	42	55	27	15	63	80	58	16	23	52	69	4	79	16	17	13	13	84	82	22	30	84	82	16	49	67	60	70	30	97	45	46	78	88	17	37	68	90	88	75	17	74	81	73	54	72	49	44	2	38	29	55	86	6	50	93	48	30	85	28	12	12	74	2	32	34	
90	90	96	37	90	11	46	95	93	90	36	2	29	10	70	53	78	25	75	78	7	49	88	2	16	0	76	66	83	50	24	19	23	62	10	0	60	12	86	83	81	78	77	18	70	17	58	68	71	83	11	54	9	55	37	59	58	58	44	12	89	81	97	77	90	8	27	81	56	93	92	50	48	10	5	19	52	13	22	60	37	30	24	56	9	57	6	22	1	4	86	2	70	40	80	18	85	0	97	69	61	48	66	73	56	93	45	70	89	76	29	31	25	61	86	72	27	77	24	81	70	77	5	95	38	76	69	9	38	39	42	7	41	95	50	98	36	75	24	39	52	97	37	35	45	56	63	91	86	57	11	94	14	54	61	56	68	47	4	26	43	76	33	77	12	44	64	7	60	89	23	18	87	48	56	67	87	28	33	1	35	47	35	76	67	21	63	89	69	70	44	82	98	51	87	40	3	37	78	75	
16	86	53	2	2	72	55	70	14	16	67	70	17	24	31	83	35	54	17	81	88	1	91	19	33	17	7	95	6	15	34	50	36	95	14	47	2	75	57	46	45	13	78	45	17	0	88	87	24	12	33	2	22	80	63	27	99	17	85	47	96	70	6	61	64	11	6	23	15	71	64	15	82	62	84	91	98	67	14	37	8	43	63	61	98	7	29	85	19	32	89	88	77	98	75	50	0	30	93	20	60	33	74	3	39	83	39	72	69	41	5	3	41	51	30	69	29	65	80	65	31	57	84	25	42	23	48	91	56	73	44	30	18	22	36	72	90	9	79	47	97	78	97	35	93	85	42	4	78	52	6	23	78	85	69	63	27	84	52	22	64	43	6	99	68	32	94	68	22	19	78	5	47	93	25	28	50	77	99	34	90	71	73	39	83	7	56	38	11	19	62	77	40	93	76	37	62	0	15	25	
43	58	34	53	63	16	18	54	30	86	45	48	1	65	2	1	48	7	65	65	67	59	67	12	80	22	80	48	74	50	13	22	0	65	6	0	36	65	88	77	96	44	89	86	50	51	41	46	8	90	61	69	18	99	99	45	93	59	72	6	81	29	42	11	55	48	75	94	2	50	15	45	15	16	82	28	25	38	49	77	63	39	99	94	73	8	61	49	41	98	92	88	26	67	55	97	19	8	63	63	86	13	78	91	1	37	37	45	55	44	23	98	41	19	24	51	87	51	83	29	29	82	54	1	10	63	19	66	96	53	36	38	20	7	71	61	93	99	52	98	96	10	71	29	62	61	74	65	49	42	3	83	1	96	4	59	60	72	48	56	78	9	98	96	7	77	80	93	79	35	33	39	55	20	41	78	86	29	75	40	78	22	82	33	78	46	17	83	33	52	96	33	5	54	71	44	67	93	26	70	
51	17	47	31	8	74	57	53	32	72	70	71	11	71	64	30	58	44	17	69	92	69	64	83	37	60	25	99	22	79	92	84	24	47	43	63	73	24	86	75	10	17	52	51	59	77	32	2	62	1	53	20	75	0	72	69	18	18	43	65	57	13	0	64	44	67	56	23	87	77	74	22	76	40	59	0	75	4	43	14	87	13	76	17	70	61	80	76	12	84	29	29	90	86	16	72	50	9	62	74	40	63	23	60	60	38	13	81	67	15	5	56	51	73	50	68	10	20	99	38	47	47	4	80	93	74	33	21	62	96	33	49	24	96	21	8	11	55	18	75	62	96	58	82	56	0	88	20	95	37	34	9	7	74	43	90	37	76	99	40	12	28	34	79	98	14	22	6	73	82	64	9	60	69	22	39	76	83	84	6	96	52	65	95	92	17	62	55	95	22	85	68	72	26	80	5	83	31	68	3	
58	7	69	9	10	28	44	3	33	37	16	25	97	73	68	54	78	61	82	10	51	26	24	9	54	21	55	11	99	32	81	89	70	87	0	44	96	99	6	26	41	86	52	38	51	44	23	93	46	70	37	19	19	21	48	59	70	66	39	97	8	46	30	34	73	61	70	61	13	79	78	28	26	3	70	85	38	40	57	77	50	34	41	48	86	52	57	75	17	28	9	34	81	39	74	16	0	89	5	2	58	53	48	46	75	19	28	10	17	51	35	52	67	67	10	47	2	25	15	47	49	67	56	87	16	32	80	53	61	60	19	60	2	75	42	74	63	2	65	16	5	43	73	19	41	85	62	16	35	29	49	45	55	72	88	87	1	64	11	20	97	73	20	75	18	98	2	22	12	5	30	31	49	46	46	83	77	59	35	1	50	68	77	60	63	54	38	67	69	25	52	22	33	77	90	98	5	93	29	65	
61	16	54	45	90	46	44	27	69	41	52	48	67	53	49	48	81	2	65	87	32	94	51	9	59	79	63	34	28	98	75	55	73	38	97	64	11	28	45	43	2	12	30	45	73	18	13	37	86	14	97	38	85	6	31	35	36	47	50	70	14	28	88	76	78	87	47	33	61	84	42	15	49	95	24	90	8	82	47	55	48	73	34	30	16	43	94	26	21	90	75	31	8	27	31	52	23	99	80	27	3	70	3	23	88	7	14	65	85	44	57	27	44	89	85	0	55	83	30	20	0	83	63	97	9	78	38	16	8	55	25	59	58	26	15	0	13	19	40	10	8	78	52	63	11	74	61	19	99	84	68	84	63	19	73	75	22	66	79	79	9	75	97	57	10	99	24	84	74	91	11	99	64	94	28	1	91	49	6	5	14	64	44	94	80	45	97	90	3	36	94	88	10	26	85	60	2	39	52	57	
93	48	77	57	62	69	73	28	53	21	93	94	48	36	89	99	13	2	56	90	87	94	33	61	19	52	48	81	14	17	8	18	32	45	21	87	89	32	54	36	30	58	85	24	92	72	64	37	32	21	44	95	46	89	22	98	68	13	74	92	59	44	87	79	17	43	52	39	34	69	1	85	12	65	34	45	3	24	85	46	23	78	40	40	65	9	34	69	81	47	95	16	21	62	63	56	71	17	44	30	12	93	32	39	9	21	92	78	48	84	60	21	37	26	53	89	40	54	21	83	14	91	15	3	19	61	94	94	9	83	4	16	60	16	76	7	27	15	40	98	44	91	73	18	97	56	45	4	2	44	91	85	43	35	99	58	97	46	53	15	89	6	84	60	25	49	36	8	12	82	49	82	3	31	59	57	37	8	26	91	67	91	3	14	0	18	10	3	48	65	64	61	14	9	45	51	96	10	54	42	
99	10	59	62	52	83	51	10	96	55	95	74	5	62	59	22	9	61	29	98	16	94	42	15	4	33	41	72	13	90	48	37	83	80	27	89	59	58	1	53	50	73	81	87	37	55	13	33	38	55	98	27	80	25	69	9	22	45	70	72	3	84	31	53	6	75	4	96	45	33	69	99	42	8	38	8	46	48	22	59	83	80	23	57	69	14	51	63	98	93	40	75	30	54	82	2	47	36	70	18	37	93	7	87	70	15	61	21	81	51	73	28	17	65	80	73	50	85	73	57	23	6	38	57	55	18	47	33	41	74	17	73	24	28	86	57	93	83	18	92	13	38	44	41	86	97	75	63	48	97	83	96	53	96	48	49	46	93	48	36	2	86	74	31	38	87	43	85	63	10	82	87	79	2	89	13	7	13	42	38	10	64	16	34	4	5	46	16	58	71	30	9	9	75	20	72	90	62	6	55	
24	47	16	82	42	11	69	32	72	92	12	7	21	24	61	77	24	3	32	61	35	32	5	87	18	25	79	17	45	65	75	23	40	83	64	99	32	37	51	10	98	83	21	38	33	30	6	12	17	30	35	49	95	40	77	38	25	33	7	22	98	24	73	46	27	17	46	92	97	20	49	43	23	73	62	10	37	39	27	23	63	89	6	60	3	95	37	30	2	82	85	3	66	30	9	30	73	66	51	9	50	68	33	15	33	54	54	12	9	65	68	6	70	80	6	10	41	53	22	96	93	40	56	71	56	37	83	53	18	5	86	47	66	0	80	15	42	79	61	91	90	73	96	34	54	48	45	10	49	49	96	38	25	88	9	19	56	91	55	10	54	42	79	46	18	62	62	49	75	51	44	25	28	59	12	93	59	60	85	80	10	53	43	78	88	77	10	35	68	18	97	69	9	38	39	10	30	17	43	63	
61	62	33	11	38	3	84	73	9	92	21	10	17	59	94	79	65	68	77	30	38	48	60	23	79	40	5	70	53	56	34	52	63	81	10	84	92	13	72	21	36	1	14	66	34	77	55	29	1	88	13	21	34	38	77	26	1	33	25	47	24	8	12	92	24	64	39	78	43	44	44	41	45	75	47	8	83	97	20	4	2	38	15	71	53	37	40	88	33	88	3	25	34	34	25	59	50	21	22	82	71	2	31	13	66	28	96	46	31	52	38	16	89	5	6	85	82	3	85	11	64	86	88	87	79	48	33	14	63	71	13	47	71	33	10	73	88	58	73	94	84	22	60	18	82	21	46	59	46	96	83	29	42	37	31	22	93	19	72	19	37	31	71	27	4	95	89	46	67	93	15	89	14	59	8	77	61	43	47	80	49	46	27	73	12	24	64	21	73	31	5	84	3	63	1	11	49	50	16	86	
32	28	17	34	78	75	92	4	50	70	77	2	54	84	18	60	96	96	88	69	26	40	5	44	84	47	82	62	67	55	78	83	53	83	51	74	92	50	25	73	98	67	81	94	17	90	93	56	67	23	94	14	33	93	68	47	18	49	70	82	97	78	56	64	19	27	81	85	43	32	79	12	87	9	71	83	51	71	79	3	70	73	10	28	49	36	10	49	80	92	49	32	0	35	86	77	31	79	68	42	87	33	33	11	50	0	33	63	40	1	70	75	95	81	28	98	11	28	30	99	62	45	55	91	7	86	84	7	23	88	7	70	73	8	81	99	55	81	33	51	79	82	11	98	72	91	57	68	86	52	85	39	60	86	93	60	63	35	49	20	85	73	18	44	69	70	93	25	51	59	2	50	97	76	98	43	3	8	16	52	24	38	67	55	45	23	74	55	48	82	3	58	55	98	22	6	98	0	82	12	
72	15	84	73	61	9	55	46	38	3	77	48	5	20	28	18	11	78	11	47	76	43	64	39	95	64	50	2	5	88	99	20	80	52	28	72	35	86	30	0	99	84	80	73	94	11	76	92	93	66	23	49	74	13	25	29	59	18	6	0	49	19	30	89	81	98	68	58	93	87	22	47	4	76	26	2	23	19	66	89	71	88	50	33	44	10	94	7	85	1	74	37	51	45	37	23	1	78	19	52	72	24	36	29	67	63	42	28	59	64	59	33	45	50	24	54	51	40	98	46	20	52	35	17	54	94	33	66	38	15	90	22	3	77	60	17	78	39	93	79	22	50	19	57	43	52	49	9	90	12	58	60	31	99	16	20	95	70	74	63	6	58	83	31	88	29	9	7	92	62	53	46	5	89	90	23	41	73	2	94	89	18	46	47	8	55	1	41	90	89	20	20	71	46	53	92	11	62	57	91	
89	40	60	70	36	61	55	41	32	53	78	0	89	6	62	45	26	7	3	57	13	7	46	43	71	0	36	37	9	63	38	41	16	96	5	7	42	57	80	86	50	5	2	8	98	88	6	56	21	20	45	59	83	31	65	79	36	34	20	61	57	15	25	33	83	70	97	24	24	87	75	58	32	36	0	18	87	12	17	11	68	5	27	69	90	75	69	36	80	11	10	21	36	51	30	56	45	23	95	46	53	9	13	69	14	94	38	81	49	42	92	62	65	66	45	68	58	49	82	3	2	60	37	41	42	20	28	49	42	90	91	8