80	1	36	0	92	55	37	41	83	56	4	69	98	98	1	95	43	46	31	33	87	28	72	71	46	15	99	30	46	23	49	20	23	73	77	34	39	38	23	22	65	1	99	2	83	91	39	13	17	12	9	45	26	40	50	19	19	3	0	68	31	79	30	16	73	88	93	53	34	87	88	10	90	24	30	30	66	61	21	72	80	65	35	88	6	58	56	16	66	20	50	74	11	94	65	11	74	54	95	33	
20	56	20	4	91	7	76	7	9	26	46	7	24	19	85	90	72	83	99	90	99	58	41	27	22	56	33	75	78	13	79	33	6	10	99	14	69	50	33	93	80	0	51	22	45	74	76	30	99	23	22	97	81	74	85	60	31	19	84	54	9	20	57	78	31	5	9	0	66	96	90	1	20	56	36	49	43	89	51	9	84	94	35	69	82	43	67	44	23	62	44	54	39	88	58	72	40	56	85	96	
11	89	86	51	40	50	0	12	90	52	79	54	98	43	84	63	49	77	10	81	81	69	26	81	64	35	69	58	9	81	28	55	89	98	85	99	45	51	45	0	98	28	70	46	45	24	22	21	42	25	35	80	94	39	90	22	16	61	6	45	45	3	62	90	30	30	16	40	95	37	89	39	7	84	18	57	27	92	16	57	93	11	68	20	85	93	55	13	75	8	46	56	28	53	74	8	0	2	65	15	
81	24	89	3	57	88	34	42	86	10	8	54	58	93	35	43	51	72	59	22	77	15	8	69	59	81	30	13	25	41	34	55	7	90	37	91	96	17	71	70	34	24	12	76	61	6	27	62	23	90	68	66	14	35	48	37	82	1	24	97	47	27	99	22	75	62	96	3	28	15	0	9	24	44	1	39	70	27	81	80	42	68	39	72	87	74	42	15	92	62	5	96	52	37	38	89	66	51	91	39	
78	32	53	62	99	83	7	11	22	78	88	7	3	30	31	91	86	28	87	89	54	88	49	87	22	70	65	67	38	67	59	95	52	47	90	54	36	41	86	13	35	2	24	32	67	76	66	61	48	32	42	36	59	3	87	44	76	18	19	70	79	52	1	32	75	33	28	61	63	50	57	87	46	68	45	14	42	10	94	1	29	74	87	24	32	79	97	49	65	26	73	39	48	72	36	24	71	36	26	38	
31	90	10	51	11	11	16	3	23	60	96	28	38	22	71	96	88	52	1	45	75	50	34	77	94	57	15	9	9	43	96	18	0	69	79	72	26	48	3	48	10	93	8	32	5	98	69	49	0	78	48	60	69	97	82	17	68	56	41	58	95	35	38	25	83	3	88	14	96	66	45	84	96	79	21	42	16	75	97	78	35	9	49	6	99	71	37	51	31	53	71	27	51	71	17	66	64	31	11	42	
35	97	79	88	1	89	57	99	65	83	27	96	78	84	14	64	1	88	7	66	95	76	60	61	7	28	76	6	46	75	62	90	24	78	75	44	96	94	18	54	77	21	48	43	16	17	37	40	58	61	85	80	26	81	86	94	49	33	11	5	1	25	30	64	28	24	92	51	86	71	57	83	9	26	95	74	50	94	63	44	48	98	10	50	3	68	15	44	83	42	3	38	47	74	23	67	85	44	58	95	
10	72	38	42	3	65	64	50	92	53	84	67	14	18	39	47	32	92	60	65	99	84	75	30	61	91	33	42	56	73	78	77	9	29	52	12	89	22	51	7	8	88	59	53	60	85	23	9	53	95	65	7	43	18	15	33	30	70	7	91	46	3	50	44	10	15	80	95	26	62	69	5	25	80	78	34	30	99	94	88	87	7	42	5	1	77	3	2	87	40	75	78	17	19	21	78	82	71	3	13	
33	41	49	71	17	57	47	10	56	29	20	50	26	74	30	32	39	84	76	70	87	41	35	25	47	85	44	83	0	84	66	36	48	77	8	89	53	71	15	41	42	27	5	5	53	2	11	18	51	19	25	84	7	1	79	74	30	43	33	93	89	85	0	82	82	49	56	57	40	10	21	72	8	36	14	93	96	8	35	72	72	51	54	17	54	96	25	83	96	7	63	74	24	14	23	27	54	30	83	97	
6	33	83	86	86	0	94	4	1	80	19	71	26	91	52	5	38	53	11	82	56	69	62	74	10	22	21	57	26	2	8	33	60	82	99	39	16	60	14	40	93	30	46	90	68	72	30	64	35	90	79	2	37	92	14	7	59	15	44	17	45	72	24	39	58	64	66	11	43	79	4	85	66	42	37	61	96	45	88	69	6	41	99	91	65	92	48	7	6	91	84	56	79	45	66	33	51	14	92	98	
17	33	74	97	4	16	37	24	61	55	18	21	71	76	51	58	27	34	67	18	35	91	39	21	59	20	2	91	72	89	9	73	91	23	20	58	22	36	40	55	39	40	61	79	89	1	85	33	22	57	4	65	63	59	71	83	43	78	4	83	16	82	64	74	37	32	96	12	5	89	62	83	54	95	40	72	24	1	71	14	68	45	77	60	58	87	77	44	54	2	61	43	24	51	98	23	28	41	56	0	
5	45	9	31	78	65	47	32	93	33	22	52	76	7	48	75	51	71	53	92	88	32	40	83	68	53	39	79	18	9	99	82	92	26	47	54	15	16	15	55	44	27	30	15	22	54	76	57	54	35	11	41	93	13	17	1	26	72	95	94	36	69	57	54	61	62	53	2	13	60	30	24	28	11	59	31	70	83	62	27	44	79	42	53	9	12	92	99	69	96	17	88	59	96	35	11	38	27	75	22	
68	28	30	32	10	51	76	52	64	69	97	45	17	51	36	6	52	38	18	73	27	61	51	5	49	86	4	54	47	58	93	79	48	96	59	54	61	38	98	46	67	57	97	22	8	30	95	58	78	42	90	12	24	10	63	82	3	56	4	35	41	47	6	39	69	45	91	3	78	56	41	86	5	54	66	51	82	30	99	12	27	40	64	52	1	61	2	77	82	61	28	97	8	30	79	12	83	34	68	63	
8	56	61	19	25	88	53	19	90	77	82	64	67	41	9	49	38	4	47	84	60	17	26	65	67	99	48	80	14	59	10	49	0	52	45	36	3	60	13	11	37	61	34	26	27	44	36	62	78	25	76	66	67	9	64	10	94	94	37	29	22	77	23	22	29	2	31	27	48	53	14	83	35	44	28	59	85	38	49	52	97	54	67	75	26	49	94	85	18	42	45	90	47	48	49	14	88	51	1	32	
38	91	92	71	38	43	88	74	46	10	40	27	21	40	49	91	16	3	82	26	63	5	38	75	42	6	7	80	80	88	76	5	90	15	0	26	49	98	98	30	22	72	94	78	95	60	6	59	63	58	10	69	48	29	66	53	85	10	21	81	74	95	99	20	40	49	53	85	78	33	29	25	38	41	30	90	5	28	33	57	33	7	57	89	38	76	70	94	73	53	44	33	86	9	28	11	28	27	79	75	
37	8	55	70	64	36	76	50	87	73	19	59	4	8	20	3	60	64	29	68	58	1	63	79	35	38	41	48	14	24	55	33	87	27	14	38	9	26	61	47	40	94	57	4	3	13	30	50	63	74	45	54	97	57	62	48	17	33	75	62	42	37	96	31	56	29	35	67	54	46	47	33	45	85	36	4	70	36	79	75	90	14	64	52	8	50	9	76	77	4	30	49	81	24	46	5	79	88	53	70	
17	29	33	8	22	1	75	87	12	92	7	94	98	72	83	18	45	31	41	10	95	14	25	29	17	53	58	82	4	86	29	20	87	21	28	55	37	25	69	94	23	34	98	74	42	56	50	84	54	13	89	67	42	10	2	35	75	30	14	82	64	5	64	44	93	1	30	94	17	47	33	79	34	24	93	72	3	58	48	74	21	23	2	63	38	2	15	37	92	26	28	59	63	95	24	18	5	66	98	55	
52	25	24	20	29	6	47	60	85	62	18	81	56	73	34	97	73	76	29	69	58	54	88	3	36	45	5	90	61	54	84	80	54	13	90	64	64	10	13	46	95	64	65	96	89	64	19	86	40	45	43	94	35	0	52	43	20	3	61	77	3	25	20	90	60	89	50	47	83	67	22	33	61	3	58	67	70	7	36	10	82	86	23	40	53	72	6	22	50	29	58	73	45	90	47	60	82	66	14	1	
82	26	78	37	68	49	20	90	1	63	54	20	92	69	19	7	74	69	77	97	15	3	61	96	2	5	64	51	63	84	24	18	33	21	17	72	24	32	42	29	36	67	39	57	93	75	28	92	68	55	1	88	86	21	90	80	45	91	15	67	75	75	33	15	60	68	15	60	72	61	3	80	25	63	29	0	91	52	10	1	97	82	83	34	4	39	53	67	32	39	93	47	71	95	64	54	51	54	73	45	
8	60	60	12	43	24	24	75	42	51	32	28	19	24	46	96	53	17	49	5	38	94	81	16	27	0	51	21	98	23	82	97	5	98	93	40	42	30	34	11	31	74	20	44	56	46	94	38	23	42	11	8	35	39	19	42	90	77	56	35	65	11	31	10	91	97	17	87	53	27	13	55	93	76	44	85	26	10	56	79	73	68	59	61	66	98	96	48	25	76	76	92	72	48	2	40	25	73	62	35	
94	21	32	61	33	36	61	43	87	51	87	96	29	73	81	37	65	88	70	63	11	39	75	28	67	79	41	97	48	64	98	92	44	64	43	58	11	99	31	34	98	34	59	81	75	94	45	62	19	0	79	51	21	28	5	16	23	58	64	6	59	25	46	52	19	47	91	97	30	18	1	59	43	94	60	53	92	23	30	46	72	62	11	75	30	73	93	38	10	92	1	98	27	20	85	4	3	90	47	8	
98	67	64	97	21	91	27	33	84	76	45	88	96	95	12	16	87	83	36	28	37	82	30	51	35	44	25	49	56	25	63	48	96	19	20	11	90	30	35	16	54	85	46	97	75	51	32	54	15	10	38	13	93	31	86	66	92	27	96	66	46	34	36	16	0	34	85	71	5	7	76	4	51	2	60	43	61	32	78	52	95	6	75	1	24	28	5	3	34	7	55	59	72	66	37	38	73	8	31	24	
70	76	94	34	98	79	17	60	14	5	63	79	46	83	54	24	91	51	12	81	60	61	86	40	33	39	14	27	16	41	81	59	9	35	62	89	19	20	51	54	86	35	74	3	65	37	73	94	3	67	34	9	34	41	37	33	90	44	47	82	24	21	1	58	58	36	3	75	92	96	51	43	9	28	71	95	8	47	50	96	10	17	99	18	77	15	99	38	64	38	89	44	22	59	16	87	57	10	14	89	
70	77	53	54	19	36	74	92	14	7	1	33	62	64	76	38	84	71	69	0	75	4	51	85	77	49	53	24	62	13	29	27	68	53	92	55	32	5	51	26	47	72	84	96	89	53	43	99	81	21	51	26	31	83	13	60	66	89	39	91	77	6	98	88	19	94	50	50	64	70	23	16	68	97	74	15	73	42	42	5	37	65	89	40	0	77	59	62	12	9	25	51	50	88	32	9	46	10	49	8	
43	16	9	59	9	83	30	61	80	42	69	29	42	71	6	62	66	85	14	11	64	27	88	72	65	56	28	85	95	62	14	83	73	89	78	58	1	23	93	71	28	90	94	7	84	98	56	76	61	97	97	6	17	96	80	15	26	89	17	49	98	50	49	53	35	85	13	30	5	87	98	3	31	17	23	75	18	32	85	78	38	25	5	20	12	44	69	58	85	11	67	13	48	66	9	77	43	27	62	15	
72	80	43	59	19	52	95	52	21	83	62	17	63	93	96	97	69	95	86	83	38	43	90	61	32	70	79	67	38	75	61	45	75	34	66	53	87	74	47	22	8	84	66	51	17	14	52	92	67	81	44	73	49	64	87	44	51	42	99	7	37	82	42	83	73	53	20	83	7	55	94	87	4	56	91	66	53	32	40	26	2	46	23	76	67	79	92	94	89	85	81	54	6	11	58	26	87	64	25	56	
46	40	4	37	24	57	11	49	45	33	57	19	83	38	31	84	18	87	68	73	57	21	85	94	10	18	56	5	56	21	93	69	78	72	49	53	45	28	59	60	35	39	81	42	62	32	72	29	15	52	36	99	4	44	54	53	34	0	53	61	17	51	95	80	42	64	61	98	42	1	59	36	85	66	42	4	6	54	57	44	31	35	74	61	97	84	29	90	4	24	63	34	57	5	9	55	26	91	37	69	
88	52	94	31	88	61	56	49	4	30	43	31	24	71	45	46	68	15	78	33	18	23	40	44	33	17	89	88	70	9	64	70	38	84	10	87	49	60	69	44	99	30	94	8	43	57	25	31	75	58	69	38	46	28	0	58	33	49	80	49	50	31	3	40	33	95	1	30	95	64	83	26	23	8	58	58	37	92	87	12	27	21	49	9	6	88	77	64	36	58	1	21	42	16	29	24	5	12	96	70	
37	96	37	83	58	13	98	5	84	20	9	0	47	0	20	47	61	81	53	40	22	88	69	92	1	93	86	42	85	30	18	18	89	25	48	50	81	9	31	41	34	82	26	24	16	99	64	63	74	46	63	52	80	35	1	2	41	77	38	81	21	26	1	90	41	14	83	4	3	12	41	35	57	5	63	40	77	30	14	20	59	64	87	9	10	51	94	88	6	68	1	10	47	37	11	3	55	43	82	40	
46	34	44	81	27	78	30	31	67	65	93	44	62	14	18	82	87	60	95	89	6	15	20	9	52	5	49	91	50	5	61	20	34	3	96	5	38	44	66	34	53	75	27	54	69	81	99	28	55	58	95	40	94	90	98	13	14	15	47	20	57	72	12	58	56	31	48	78	20	79	11	61	93	38	34	11	67	19	98	35	88	28	49	95	54	83	12	39	81	51	44	25	78	26	48	46	35	57	93	52	
88	48	53	75	11	92	87	93	96	91	67	70	83	52	2	61	86	20	56	3	16	9	10	82	8	41	28	17	92	55	3	71	77	86	89	21	4	95	58	50	4	98	3	98	67	76	14	31	90	33	72	92	84	53	91	79	3	53	25	99	7	91	66	19	33	70	26	27	32	25	82	52	34	39	29	3	89	14	92	79	10	49	16	63	52	2	16	40	23	25	97	76	99	2	17	13	59	55	73	84	
70	15	44	97	28	63	54	80	72	76	86	95	15	72	54	60	49	50	65	22	68	25	86	55	52	57	2	83	99	54	40	13	82	1	45	52	45	97	60	86	53	71	30	81	3	83	56	38	10	12	45	55	25	85	12	60	35	82	55	63	60	26	37	58	13	99	46	46	17	25	81	97	87	35	53	91	39	61	5	70	8	15	93	5	84	79	49	69	32	66	1	20	16	23	51	54	39	81	34	9	
0	80	76	84	76	88	35	40	4	22	5	60	10	8	73	39	4	12	23	32	86	13	59	90	22	42	87	50	95	99	52	62	22	93	30	56	20	62	23	40	36	59	17	35	1	60	57	37	25	6	53	18	18	15	99	49	34	10	60	21	66	57	35	98	31	13	29	44	56	9	58	72	88	32	84	96	65	89	89	48	63	40	71	38	27	91	71	10	8	7	10	61	91	62	80	96	27	19	71	26	
47	33	57	70	25	79	86	86	21	28	52	6	95	23	70	33	82	79	8	27	48	14	93	55	47	40	31	20	50	11	44	84	14	53	81	56	77	42	40	99	97	17	51	49	51	74	41	51	2	6	38	82	30	82	2	78	85	33	7	14	12	6	86	94	77	83	61	69	94	13	56	64	46	28	10	19	84	98	0	23	20	7	16	70	82	0	84	40	46	43	73	38	22	83	35	77	87	97	59	9	
2	43	76	92	16	72	25	38	70	21	12	2	27	23	51	47	40	63	15	34	33	72	42	21	2	3	90	1	17	61	5	80	63	68	44	61	78	3	36	73	89	98	99	84	16	95	52	65	48	0	11	52	67	17	24	73	61	33	16	90	78	1	85	78	84	57	2	36	65	20	66	32	49	43	99	41	42	37	88	92	50	54	97	85	35	34	31	88	51	29	55	79	66	34	31	39	76	13	48	44	
40	90	56	52	79	40	48	40	46	58	98	25	10	17	60	5	34	79	97	5	28	36	1	33	31	96	29	40	77	13	41	30	20	79	34	11	21	69	68	85	32	22	20	51	40	70	60	38	12	12	8	40	57	85	10	19	58	19	5	0	54	40	74	22	84	69	23	75	88	7	1	82	59	29	92	73	5	64	34	34	84	25	37	1	52	69	76	10	42	3	68	75	26	94	6	20	17	17	49	35	
73	10	10	69	55	63	20	61	55	36	1	10	10	89	20	61	82	11	65	74	20	12	46	33	39	80	49	43	22	83	54	75	14	92	40	38	13	52	16	67	83	89	1	97	55	18	36	50	4	56	32	11	31	85	91	38	28	85	75	64	76	51	35	15	88	16	22	19	93	83	62	37	81	63	99	28	51	6	51	46	96	66	17	4	0	44	38	86	41	98	68	38	6	73	44	59	28	71	96	85	
30	2	68	12	66	35	73	95	25	35	75	48	40	80	65	34	58	47	17	50	13	38	1	70	97	9	44	99	84	47	58	7	9	95	43	37	72	80	5	9	10	95	73	48	54	23	87	8	3	48	66	8	50	85	57	40	84	75	33	28	6	19	65	39	1	15	79	19	5	47	19	60	65	31	73	66	52	50	79	47	27	61	69	6	43	56	17	91	64	6	77	21	28	64	51	74	7	3	12	26	
59	19	13	89	99	63	58	50	24	14	90	87	79	19	32	83	56	18	20	4	57	72	9	58	60	33	27	44	18	77	50	26	3	0	37	19	43	11	49	65	88	37	55	35	31	86	21	39	57	36	2	23	14	39	88	67	89	75	70	52	75	34	64	67	82	83	78	76	6	7	86	26	51	98	62	56	42	18	13	71	46	33	83	3	3	21	28	28	90	49	66	39	61	22	7	41	18	91	76	88	
75	63	9	32	72	70	43	94	72	31	40	93	47	13	23	85	65	84	75	85	41	48	18	53	77	65	95	49	97	9	60	61	63	23	42	49	93	36	51	33	42	9	62	27	32	9	31	25	68	77	58	99	1	46	74	21	2	59	11	94	2	32	45	49	85	62	72	24	5	93	53	96	92	32	15	24	77	36	34	98	15	52	9	89	33	82	75	20	5	23	73	15	72	5	23	36	58	38	93	74	
15	36	13	23	97	79	90	15	87	71	9	81	11	97	72	58	67	97	51	37	13	35	31	86	17	70	7	64	42	73	26	29	9	85	55	56	14	8	16	43	40	41	26	78	87	32	98	44	22	53	65	49	51	93	66	7	60	34	0	83	27	1	62	75	54	97	84	81	46	10	89	1	89	91	91	40	68	97	52	67	34	86	74	28	91	39	29	36	20	10	98	85	32	84	44	82	2	99	67	34	
90	52	56	38	50	95	12	92	61	20	54	37	59	3	20	66	48	43	34	70	87	36	57	20	47	95	95	44	37	79	4	77	97	67	83	95	95	68	7	70	27	64	76	35	57	40	70	34	6	98	71	2	88	48	74	85	81	82	56	0	15	98	24	20	72	59	80	54	13	99	50	37	41	15	13	90	7	2	80	57	46	96	93	27	39	37	0	63	41	89	79	59	12	36	6	75	18	96	40	5	
98	7	84	70	12	43	46	1	67	20	22	66	88	42	24	85	35	31	83	56	55	56	96	27	92	28	78	51	44	58	83	79	59	5	97	9	7	50	39	4	52	78	29	78	87	49	24	0	30	79	7	49	0	83	10	61	55	42	12	80	58	41	40	73	73	27	50	61	83	42	84	67	2	77	12	45	4	36	40	96	15	68	89	54	48	62	86	46	89	22	61	38	58	1	84	97	86	40	18	55	
20	48	21	58	33	52	20	26	66	10	57	17	14	75	56	70	78	88	80	89	70	49	64	92	95	14	59	48	76	5	49	86	53	16	49	61	30	76	47	46	22	19	91	28	51	46	37	14	63	87	24	94	42	47	97	99	43	67	29	59	57	9	60	35	30	78	85	17	47	32	83	57	63	78	70	60	22	4	90	73	18	93	62	37	65	11	33	75	7	82	70	37	47	13	73	66	52	18	1	57	
17	13	83	51	58	53	18	93	31	31	29	97	20	91	37	46	39	41	43	63	62	41	81	58	72	32	30	83	23	48	41	57	84	34	20	75	42	38	82	83	54	39	5	67	32	70	78	66	36	93	19	84	36	70	44	66	90	46	99	97	22	52	45	89	72	71	25	29	72	42	95	74	47	12	23	6	67	56	33	15	72	28	29	25	54	31	88	69	99	24	2	89	49	17	52	97	73	41	10	95	
51	38	37	50	90	27	62	48	53	10	58	75	68	82	98	12	76	77	76	48	61	69	45	6	14	41	79	13	88	67	67	19	36	64	99	88	71	64	90	62	13	92	0	9	26	38	21	78	69	72	67	57	67	70	67	5	38	78	58	54	91	57	5	45	47	13	75	26	11	77	83	35	79	10	41	5	31	68	42	50	14	92	72	26	60	82	85	38	52	17	97	50	19	24	31	63	51	53	7	6	
76	25	30	8	60	63	71	43	8	33	38	46	18	33	84	34	14	61	14	89	61	43	31	55	65	48	69	11	80	99	76	79	27	81	93	69	24	85	42	24	71	76	92	91	6	83	91	57	48	36	26	37	0	10	17	8	83	51	79	37	95	57	30	53	72	35	59	46	14	27	92	34	17	61	88	32	93	25	69	47	61	10	5	30	62	43	59	53	34	0	54	7	32	74	68	5	32	14	97	18	
62	32	91	55	75	33	46	27	80	57	57	84	59	23	55	98	6	62	21	58	75	80	17	3	22	5	44	97	69	35	97	17	41	74	73	38	87	15	63	85	54	45	20	17	89	48	33	39	54	94	87	68	8	45	56	89	74	96	48	11	96	86	30	5	11	59	23	95	87	60	14	33	88	7	78	5	7	73	34	34	2	29	44	38	91	83	96	2	67	29	49	9	26	33	28	24	55	48	76	14	
89	99	95	21	54	61	87	83	33	29	31	74	75	30	21	87	54	56	20	70	42	73	6	97	1	18	32	95	62	69	91	55	3	25	83	22	95	0	31	1	15	12	27	0	57	0	90	29	19	27	76	53	82	61	61	54	39	73	20	77	47	62	43	91	51	13	32	59	3	16	13	83	33	47	78	68	99	25	43	23	89	33	20	50	64	23	28	81	70	64	7	31	71	83	73	13	95	11	40	69	
39	58	58	39	79	85	12	29	9	47	55	17	83	12	61	2	19	32	20	12	76	30	6	89	45	40	61	52	82	48	63	20	91	7	78	18	5	2	57	32	24	64	95	88	87	24	38	93	4	15	89	49	55	24	23	66	78	89	75	78	3	35	19	39	58	54	29	33	55	39	42	89	4	22	63	30	12	15	39	50	82	86	87	42	29	56	25	7	73	57	54	26	8	96	70	99	1	10	30	7	
21	19	38	55	64	38	67	29	49	96	21	46	74	20	33	53	0	18	8	12	15	30	7	21	28	44	91	28	71	87	55	12	79	27	34	39	85	0	59	60	8	40	95	40	95	17	28	81	26	53	80	76	40	62	38	5	91	74	91	21	60	68	50	72	97	66	92	77	50	92	6	79	32	17	89	41	46	8	52	42	14	49	14	40	55	99	51	8	36	67	45	19	30	91	32	55	24	12	90	12	
11	78	25	46	93	87	63	93	67	46	57	81	63	31	65	44	8	39	77	56	73	54	25	94	46	62	40	25	2	6	8	17	50	89	24	21	91	69	6	84	93	84	70	76	99	94	90	79	88	35	26	51	37	80	95	5	23	38	32	43	8	44	76	52	85	59	55	65	49	87	73	29	88	36	21	89	89	10	87	54	71	99	68	60	28	4	32	5	46	11	42	80	70	44	88	28	4	34	85	4	
89	90	68	33	73	55	16	42	1	76	22	64	4	95	28	32	18	78	39	18	58	78	11	12	69	84	63	58	80	76	32	36	90	89	28	75	32	1	19	53	7	67	11	71	48	79	73	97	31	7	20	23	41	21	38	99	43	48	85	89	60	75	98	80	68	64	59	12	52	46	20	42	10	52	84	25	94	35	61	16	87	66	95	13	87	96	81	29	1	23	79	7	45	84	83	40	75	64	72	64	
14	82	33	83	88	50	71	2	74	2	74	22	74	24	49	88	93	61	30	2	40	17	68	93	34	84	61	13	23	52	48	18	53	45	16	69	88	6	51	3	90	50	13	58	84	72	33	91	11	7	2	27	50	19	76	74	68	29	42	41	8	37	53	68	18	98	55	73	2	3	88	48	35	98	86	20	77	30	19	83	52	90	89	70	37	40	96	60	79	40	92	25	3	86	77	55	4	31	70	37	
46	97	71	73	16	25	56	84	5	47	80	99	84	21	67	1	31	81	10	76	98	4	13	94	82	96	47	14	88	34	43	39	52	97	99	97	66	88	29	42	68	62	83	45	76	2	51	87	66	36	40	50	62	39	93	87	6	94	40	67	29	9	0	38	92	42	8	29	92	12	95	19	35	96	76	74	44	59	66	12	92	56	30	17	30	48	14	88	43	52	66	54	76	22	82	27	82	45	54	0	
76	95	23	57	28	24	3	69	51	29	76	20	3	27	2	2	54	55	62	33	17	3	32	93	49	98	73	68	42	84	90	23	6	46	4	66	92	26	25	84	42	4	9	24	58	69	30	4	55	23	22	63	61	86	94	50	54	53	53	66	33	54	27	90	15	33	40	5	27	55	9	44	88	16	93	26	60	6	5	72	49	9	22	84	21	1	9	89	6	55	9	34	85	53	69	97	46	0	89	82	
42	91	51	25	85	33	7	24	79	39	72	74	79	90	86	50	74	69	68	64	99	36	82	99	23	53	69	91	24	2	8	69	15	76	16	70	31	43	24	73	86	48	74	49	14	76	61	40	5	18	23	97	1	84	12	49	67	2	2	25	1	29	49	95	63	4	30	48	15	54	72	21	32	51	7	31	85	64	96	54	36	90	54	76	65	31	27	16	90	85	12	98	76	12	96	54	79	71	12	82	
12	82	95	60	87	95	23	21	85	62	95	60	16	88	90	87	79	24	27	56	90	98	36	31	14	94	68	52	41	24	31	37	8	2	24	67	10	37	66	50	78	54	22	58	74	5	42	0	50	81	51	62	36	56	44	68	2	32	54	44	95	99	45	89	39	84	48	12	57	79	93	48	50	88	73	48	72	83	7	59	87	48	8	16	65	83	54	8	4	43	58	66	55	85	65	57	26	2	59	13	
96	25	23	84	32	60	63	3	72	38	43	18	97	79	86	92	99	87	78	28	10	5	4	90	27	21	43	14	40	21	25	37	15	54	77	73	58	57	69	58	4	96	0	66	49	20	5	89	35	89	54	8	57	43	63	36	45	51	99	48	54	50	94	8	10	6	50	0	52	21	99	53	2	44	69	26	82	16	28	51	26	13	12	35	80	17	13	57	95	80	74	79	4	91	45	82	69	85	26	17	
39	46	57	92	41	87	55	28	97	19	1	46	58	30	51	82	12	47	28	60	79	43	91	54	73	41	99	39	80	40	53	55	99	50	30	47	76	99	52	97	89	29	38	59	61	0	23	65	64	37	69	80	47	45	34	41	61	40	24	72	71	99	91	55	83	3	87	34	17	40	50	85	59	22	15	44	53	76	33	43	21	47	87	43	90	97	16	98	18	75	68	87	10	65	57	13	76	2	92	46	
63	36	45	99	22	70	42	59	44	53	0	41	50	8	64	32	12	72	48	79	53	36	74	94	57	54	26	96	29	67	29	86	45	2	11	92	79	97	33	47	53	83	4	47	33	70	58	36	20	13	30	80	72	70	32	8	64	19	15	37	74	30	78	61	49	7	18	27	61	78	74	92	35	31	2	52	46	67	98	65	88	20	19	39	31	76	44	53	83	67	38	28	77	43	74	57	50	5	65	82	
69	19	78	82	84	44	1	17	6	57	40	53	83	62	25	30	65	80	98	61	18	70	69	88	95	86	22	26	0	92	36	2	43	78	96	53	83	23	29	10	61	14	47	94	21	42	99	46	51	24	0	37	37	57	16	22	51	39	58	38	99	23	68	54	10	84	7	30	39	43	10	94	74	71	48	98	86	88	18	74	76	41	48	11	73	75	89	1	58	45	98	38	34	82	84	32	94	30	58	95	
14	33	61	78	9	96	79	72	73	29	83	87	1	48	88	49	44	97	10	11	35	62	29	63	71	30	44	53	81	6	62	62	31	63	69	6	91	21	84	61	60	53	23	64	17	67	42	30	67	74	46	82	4	84	85	68	57	78	57	76	88	89	7	74	86	28	90	21	32	10	7	35	74	63	93	35	17	35	86	42	11	79	85	62	61	97	52	57	24	78	74	78	73	95	0	59	91	37	57	28	
63	27	39	55	63	7	26	82	5	60	90	25	26	35	84	84	83	79	79	78	72	39	19	87	56	92	63	57	54	61	32	2	65	3	74	14	59	93	93	61	92	93	96	23	6	94	74	28	13	19	5	71	21	76	72	47	60	83	62	57	50	81	57	25	21	80	46	47	34	2	74	29	70	88	89	25	5	57	75	26	72	69	96	40	23	58	22	49	10	46	50	53	41	87	48	3	36	17	31	58	
53	18	57	34	60	12	25	25	68	27	60	1	4	37	50	58	27	52	96	13	81	40	75	11	66	98	91	0	77	81	99	71	18	8	23	12	66	72	20	21	96	8	99	74	48	11	0	52	99	79	30	49	82	76	8	2	37	7	24	45	17	45	4	6	26	80	2	10	27	22	41	80	27	53	46	32	96	51	5	86	12	46	88	31	24	51	99	2	66	9	94	54	75	14	91	28	97	82	65	5	
79	84	53	82	59	94	93	13	21	80	31	64	34	1	67	80	28	46	90	15	90	13	66	99	32	58	88	47	63	28	37	49	43	75	36	60	83	61	70	18	99	52	52	74	77	5	82	27	54	79	54	34	63	22	79	3	15	30	7	77	45	67	88	57	35	63	26	76	54	13	39	86	41	49	13	16	50	33	22	89	40	83	50	1	74	56	53	67	41	46	44	69	37	81	65	38	50	48	59	32	
38	27	99	39	28	65	70	3	31	1	53	42	9	2	48	10	15	88	36	22	90	81	78	63	24	33	84	43	77	34	70	98	86	17	47	38	3	62	11	13	77	6	61	25	71	24	74	32	70	73	61	17	81	1	66	27	46	72	61	77	75	45	48	24	69	58	62	22	63	25	71	12	76	96	41	87	2	61	69	55	19	0	22	88	26	85	4	30	20	53	77	28	37	5	57	77	21	83	72	48	
19	86	96	15	65	9	14	84	72	61	77	35	51	20	94	50	6	49	7	34	84	80	3	88	58	58	93	54	77	47	25	60	40	86	15	78	86	40	98	55	50	67	89	24	0	13	86	88	97	24	85	21	68	26	72	8	3	51	19	29	13	99	61	26	17	62	91	37	41	74	15	89	46	57	19	43	31	72	72	2	74	51	16	6	78	2	14	57	76	6	92	15	33	86	53	89	35	29	63	57	
52	1	33	49	92	73	89	86	65	80	27	4	90	51	17	17	4	61	87	38	63	97	56	29	76	56	56	85	30	86	18	32	33	41	6	29	59	36	84	47	84	46	99	37	4	62	87	10	48	70	23	76	27	29	35	90	4	46	7	88	25	97	73	72	74	56	60	75	4	63	83	77	86	93	53	29	93	53	4	73	20	90	92	7	38	23	81	2	0	16	53	60	56	25	4	56	65	21	6	95	
66	4	56	44	69	61	23	22	72	0	30	99	66	76	84	78	52	89	89	5	72	20	66	34	4	24	19	84	56	81	97	38	82	36	69	88	19	91	60	34	38	31	66	19	92	72	66	34	54	16	56	11	0	76	90	49	41	84	5	64	97	22	40	44	3	71	79	1	18	94	69	53	70	94	44	80	41	79	66	79	84	44	6	17	92	24	73	74	14	90	76	13	59	72	79	13	86	85	26	4	
60	83	64	65	61	48	84	20	56	28	49	72	65	61	15	29	92	66	84	69	59	39	46	21	45	5	34	20	30	2	13	68	39	13	88	48	62	19	97	26	3	59	42	90	38	74	38	97	28	17	70	53	38	45	3	70	73	8	69	26	44	45	38	21	45	68	61	22	30	22	36	11	65	25	81	81	30	9	16	44	33	78	36	59	16	81	13	11	6	22	65	86	52	4	11	39	80	5	7	1	
68	64	45	17	62	38	94	52	42	81	58	42	41	23	20	66	55	63	6	8	96	97	69	26	80	5	25	94	78	48	83	47	13	6	64	82	89	36	86	48	13	97	49	59	61	96	44	12	7	78	15	25	35	97	38	79	91	62	56	22	6	43	4	44	49	53	29	76	20	13	44	61	52	34	8	36	89	32	64	7	59	52	44	38	22	77	86	68	91	73	31	0	8	64	71	62	87	55	79	77	
94	45	81	94	2	89	9	83	69	51	34	19	92	92	17	96	63	1	3	51	29	43	59	90	35	75	86	34	64	33	7	40	3	51	83	28	64	4	97	74	62	46	20	42	89	1	74	45	61	14	81	93	36	16	40	98	21	35	71	91	47	79	61	66	71	31	72	15	69	24	24	88	66	16	49	9	87	57	6	59	92	95	62	61	96	65	78	11	41	76	86	91	28	69	49	13	42	50	59	78	
90	29	74	13	90	93	25	95	70	82	22	29	0	88	4	40	54	55	85	17	11	75	81	75	64	91	42	10	36	55	61	70	66	31	15	37	19	54	57	70	9	33	6	67	85	38	10	90	54	65	80	28	75	15	66	51	47	56	77	18	89	63	0	91	54	66	90	65	99	71	92	87	72	90	9	5	27	76	16	3	75	74	80	93	37	92	8	58	36	26	18	20	41	13	46	84	14	97	32	15	
52	22	10	22	32	9	85	20	38	51	63	54	50	6	41	30	29	23	39	29	56	47	41	28	24	69	71	22	45	98	9	25	12	70	36	98	77	78	56	6	90	54	62	63	58	92	23	33	63	4	52	91	22	21	66	82	42	48	21	21	19	63	5	73	1	48	84	8	26	25	71	9	44	2	37	0	24	10	38	85	35	85	2	10	67	30	32	34	39	85	62	12	77	98	39	33	65	86	56	31	
7	54	10	68	42	2	45	83	31	98	37	82	1	41	93	87	54	7	80	45	35	85	93	16	43	69	48	49	98	15	56	40	81	53	48	71	49	38	36	85	96	89	61	40	13	93	25	77	88	85	82	5	75	63	91	96	80	61	68	35	38	88	38	51	72	49	94	58	13	31	44	45	51	96	2	47	71	43	83	94	61	58	66	84	5	11	46	61	41	71	83	72	47	60	64	20	11	88	92	50	
26	60	57	56	39	69	44	92	35	54	14	27	0	35	59	89	70	14	52	31	29	57	76	65	0	44	57	26	71	44	14	73	45	25	13	34	72	65	74	54	65	43	18	31	97	23	46	48	31	84	53	70	1	4	77	69	76	79	78	10	67	67	96	41	68	19	14	50	95	76	45	8	5	21	24	31	45	80	79	29	90	95	87	25	60	15	84	75	5	61	6	87	8	7	61	9	28	82	56	1	
76	81	89	44	44	33	15	87	44	33	82	53	60	93	0	85	15	32	30	90	50	51	21	22	57	29	79	17	82	64	13	47	78	94	54	9	40	26	99	59	81	25	95	58	38	50	79	41	25	70	2	63	19	40	23	91	83	45	56	21	64	80	63	63	73	50	12	48	10	76	37	82	12	70	1	54	98	89	32	70	47	96	90	83	95	33	65	73	89	51	80	45	4	71	93	94	2	76	42	27	
31	32	55	85	42	34	65	84	62	18	84	64	28	20	52	59	48	49	49	9	72	19	33	25	32	99	63	99	53	58	61	12	93	93	7	35	23	91	3	16	92	22	50	47	13	20	77	61	77	92	82	39	64	44	5	94	22	8	90	48	73	30	49	66	49	52	45	25	26	35	75	2	46	12	98	70	17	86	81	75	22	35	29	27	43	64	45	35	68	12	89	71	3	77	78	53	44	52	15	11	
80	27	5	58	6	44	77	1	89	92	63	36	59	73	56	44	92	62	37	80	24	2	44	52	42	0	15	73	80	17	75	20	20	99	32	69	82	43	30	58	33	3	69	84	12	35	38	86	69	93	33	81	12	27	35	89	47	89	37	46	87	28	92	1	71	83	69	6	80	80	85	3	64	95	17	16	57	76	23	35	15	66	56	86	78	57	83	67	97	21	80	28	59	17	90	98	16	67	8	76	
46	72	74	61	79	8	20	34	86	68	15	17	53	30	4	23	13	56	11	21	89	63	36	16	6	78	54	2	28	6	32	93	23	90	30	35	13	18	70	12	15	80	51	96	91	15	31	89	68	71	71	73	78	41	45	0	18	49	63	34	18	62	19	4	38	15	16	50	50	1	26	96	96	0	62	18	34	86	73	2	49	30	84	80	9	18	74	2	1	14	93	22	47	66	3	10	53	74	16	38	
83	52	25	20	89	98	53	49	2	51	60	64	47	13	4	18	22	94	0	1	10	88	49	37	19	37	29	81	87	15	86	10	72	1	59	19	18	32	98	97	86	82	66	78	54	45	38	42	0	12	79	9	16	47	2	28	21	44	65	75	64	15	95	15	96	30	8	46	52	38	39	92	99	71	93	20	94	14	35	57	3	37	59	19	25	56	16	27	97	56	10	94	68	77	82	29	12	49	44	91	
9	31	92	84	32	85	90	91	66	7	97	26	88	82	99	61	16	54	87	89	84	43	2	92	90	50	55	99	51	60	54	56	94	19	63	25	98	82	84	89	96	84	47	58	11	61	61	45	89	5	64	63	14	74	27	80	24	61	3	46	82	80	71	71	15	43	86	96	76	69	10	40	35	94	69	89	27	11	67	26	83	38	70	88	78	1	78	18	97	42	53	38	1	17	11	34	57	14	48	65	
51	45	55	83	79	60	7	82	56	52	30	36	4	36	77	82	77	92	14	19	13	94	89	62	34	43	10	28	14	0	49	20	7	15	88	66	36	78	86	67	11	92	53	87	23	60	74	95	62	67	77	85	72	72	19	79	88	66	24	9	63	90	50	0	46	60	17	57	14	57	57	65	36	19	98	19	28	41	75	3	21	61	89	46	58	84	92	64	41	10	36	94	1	7	38	14	87	50	93	52	
1	64	25	47	46	25	15	96	95	44	94	43	56	0	23	45	43	91	75	87	89	82	63	37	18	72	65	14	80	34	46	99	21	96	92	55	2	81	53	71	84	40	87	47	48	10	7	14	15	17	80	70	97	16	73	32	44	32	16	51	81	28	66	83	22	36	68	98	19	41	76	75	79	69	76	95	80	73	40	61	87	85	52	97	29	87	65	94	17	68	69	82	71	48	58	63	61	21	36	31	
10	31	19	56	60	20	83	66	77	31	44	82	49	39	86	9	0	94	93	11	95	3	38	6	86	81	50	70	96	78	53	99	10	41	87	90	83	0	47	89	18	33	33	86	26	52	86	14	50	98	3	91	72	45	99	16	1	81	29	75	96	99	86	18	8	41	44	17	12	77	13	75	61	27	24	59	74	19	92	12	61	96	32	54	34	79	2	72	69	43	25	87	97	81	11	59	84	88	50	21	
95	60	24	65	86	90	44	79	21	88	25	38	54	50	0	44	48	88	13	82	65	70	12	55	19	79	16	79	61	90	97	3	20	41	16	71	14	67	39	17	60	72	44	57	63	81	70	30	49	33	51	17	30	64	74	20	59	97	38	66	19	19	84	77	11	86	13	1	20	97	95	97	77	98	33	28	88	53	12	63	55	53	49	26	31	55	85	92	47	48	96	3	67	11	29	33	73	42	96	42	
97	23	93	99	93	95	69	77	52	42	68	31	45	84	54	84	61	56	92	25	20	80	10	71	85	62	86	26	8	30	99	11	61	69	73	0	73	54	71	25	64	43	83	86	70	39	62	4	63	55	78	94	3	76	20	14	56	44	3	44	45	4	89	43	31	42	43	70	59	51	63	47	11	98	76	44	8	57	37	14	34	92	16	55	30	44	75	83	40	80	74	88	40	20	83	55	28	88	98	11	
85	71	41	21	78	34	45	9	6	75	60	49	61	3	58	84	99	96	98	51	30	92	73	76	18	88	27	47	47	49	27	46	33	93	82	52	37	98	44	42	44	52	77	26	41	20	67	46	12	93	49	62	90	54	61	98	9	7	68	14	80	42	30	95	97	2	29	11	51	64	46	38	90	72	59	69	13	35	28	67	99	19	69	43	83	60	50	0	75	18	22	85	25	12	75	10	79	77	2	15	
28	50	95	40	8	12	19	65	50	44	10	13	6	60	29	43	98	56	40	64	18	51	38	24	51	57	69	95	97	87	82	48	65	37	78	34	70	23	47	32	0	98	90	23	55	43	5	57	78	87	86	33	87	94	6	30	32	10	14	83	69	43	39	21	46	85	81	64	20	78	90	7	74	3	59	65	96	97	13	55	80	9	18	68	15	82	25	68	0	59	28	92	9	17	71	59	86	2	30	16	
30	36	64	53	16	29	12	35	19	92	6	11	27	58	34	87	52	35	0	62	19	72	99	4	59	14	86	82	25	72	18	63	76	77	93	80	47	33	72	26	35	44	43	69	88	82	23	27	84	57	1	47	63	92	13	62	21	61	94	74	76	7	92	2	98	6	46	40	27	27	16	48	95	52	80	38	50	57	96	53	46	30	11	68	39	69	52	30	82	6	1	86	55	95	10	28	80	6	98	43	
23	23	76	19	97	48	2	98	74	79	82	40	57	63	26	45	85	89	74	53	86	62	63	22	85	51	30	1	2	82	26	19	40	5	31	94	16	28	56	33	40	7	14	76	31	54	42	89	29	38	61	89	0	97	74	28	71	61	29	69	84	97	0	32	81	97	87	73	20	53	18	6	11	47	98	21	31	94	8	21	36	26	1	76	26	33	84	90	48	27	67	32	98	56	46	91	39	95	46	60	
33	19	48	30	23	5	42	31	44	88	55	97	42	91	44	52	67	61	92	48	57	87	52	90	1	13	52	28	85	99	13	75	46	53	99	44	13	58	80	7	44	15	88	48	78	63	12	59	15	18	22	80	41	43	31	36	51	47	44	47	48	65	87	39	13	35	90	81	21	27	10	52	74	59	9	11	52	55	26	68	66	62	23	28	65	32	61	25	5	51	32	55	75	96	94	98	77	90	9	41	
46	30	21	33	86	29	64	30	57	71	14	59	0	80	50	56	60	26	14	72	39	88	87	41	19	9	56	30	10	1	69	12	80	88	73	36	67	45	53	0	77	79	80	57	85	69	67	6	91	29	14	19	34	63	9	33	3	45	42	86	88	96	76	45	25	37	50	4	47	13	10	26	35	62	15	40	53	32	90	71	1	93	96	46	56	66	79	74	32	90	72	10	27	8	37	64	98	77	91	14	
49	27	77	83	40	82	73	22	36	18	4	90	19	66	66	35	7	76	92	61	46	9	86	6	23	12	49	99	33	7	21	48	85	55	69	81	63	74	24	58	86	42	92	85	9	12	22	95	97	86	80	9	8	38	83	63	12	29	34	40	94	45	20	60	87	32	38	42	73	37	32	12	59	0	74	17	22	2	69	71	0	91	56	28	14	13	52	3	22	54	70	68	8	98	52	16	19	70	41	22	
41	29	71	16	67	49	95	74	38	50	6	82	30	44	22	15	33	38	45	68	53	56	4	62	0	5	8	42	41	54	89	54	16	96	27	18	6	56	10	31	78	90	63	84	53	84	72	33	85	29	34	81	90	58	13	23	38	83	34	5	9	11	66	78	65	51	89	83	4	38	31	17	78	20	90	9	63	11	70	20	41	46	2	6	99	80	51	87	4	53	56	22	11	14	72	42	77	98	45	1	
34	38	74	3	57	90	4	37	50	18	66	17	54	96	39	79	9	67	85	45	61	49	95	35	83	58	32	97	51	45	63	14	98	85	64	39	36	89	5	89	80	32	54	63	19	41	39	81	24	66	83	2	79	88	90	5	97	71	29	60	16	76	54	17	93	29	28	10	50	85	28	99	63	81	61	56	76	3	87	82	21	61	30	98	90	2	39	53	42	54	24	22	72	91	88	38	39	45	14	59	
28	62	19	73	42	30	4	33	15	87	82	96	74	49	41	12	39	67	12	34	84	98	67	72	82	30	63	77	17	22	43	64	85	72	4	58	56	19	66	69	45	14	86	25	72	10	12	93	98	87	30	72	44	24	60	10	50	45	28	71	49	34	81	22	54	11	76	58	95	87	15	2	65	46	85	95	64	31	20	53	46	38	29	59	26	19	86	35	9	11	46	82	29	69	95	68	82	82	78	57	
6	94	51	45	25	84	56	18	72	80	95	43	3	27	8	11	15	31	82	24	19	2	15	64	95	2	34	68	6	75	4	40	1	24	43	73	73	64	7	76	82	65	63	8	94	72	85	5	45	61	34	29	95	24	33	24	44	45	48	71	93	20	44	77	76	46	97	11	78	14	17	78	56	11	96	4	39	23	94	11	33	16	44	14	42	38	77	94	49	59	16	76	64	79	43	38	63	0	12	51	
23	65	60	45	80	66	24	50	89	81	20	15	56	65	56	18	67	37	10	86	68	11	22	1	35	50	17	94	57	81	9	88	41	27	6	36	68	56	41	95	57	51	82	32	20	43	32	49	47	95	62	48	47	97	98	27	85	54	21	29	28	21	22	63	76	10	24	7	2	68	26	74	10	19	66	46	27	66	14	17	77	49	87	17	69	46	5	93	98	51	25	47	87	53	34	96	75	64	25	94	
60	27	92	73	25	46	34	65	59	51	45	24	22	31	46	71	1	42	22	16	23	73	55	44	6	16	37	50	54	15	71	1	80	71	93	26	57	72	47	90	82	77	74	66	1	84	15	16	41	3	46	0	64	44	16	13	49	66	95	18	6	77	92	96	93	52	39	81	63	29	25	95	2	25	71	53	75	94	18	87	44	83	79	84	40	8	59	76	80	12	69	64	27	40	89	12	58	73	46	3	
98	81	88	34	97	90	86	35	59	36	82	76	65	58	91	89	75	61	18	47	60	53	94	43	72	49	14	67	9	6	36	36	3	55	67	90	65	80	46	56	54	49	76	72	74	15	65	67	51	30	71	9	51	98	83	36	54	20	94	83	57	23	59	52	82	69	35	19	68	40	60	6	87	27	16	37	46	38	54	81	89	1	63	38	14	42	66	51	12	69	3	15	58	98	26	62	6	77	44	33	
13	5	67	99	79	72	42	41	61	88	93	88	63	0	74	42	81	17	17	47	55	92	39	95	19	44	21	11	15	33	2	64	79	84	23	59	78	81	42	70	86	0	18	80	25	77	92	78	88	52	8	73	50	68	87	36	94	63	5	98	46	63	0	89	28	68	8	68	95	99	67	58	71	75	25	92	51	90	56	48	12	55	53	25	26	99	74	68	2	18	69	16	3	96	67	10	51	30	51	44	
34	68	58	96	11	24	90	21	31	88	43	30	3	52	50	66	70	23	94	37	35	30	65	9	57	76	96	69	16	85	75	7	69	97	71	92	98	99	54	11	8	95	13	71	26	13	18	85	35	30	49	2	97	14	86	25	92	68	32	13	39	49	20	22	89	90	86	39	12	77	85	89	12	51	70	79	5	18	69	90	56	74	40	83	76	98	87	19	34	85	30	18	7	7	87	25	72	98	94	99	
17	65	17	72	99	92	69	62	1	62	28	52	14	64	47	52	52	11	44	52	48	30	96	8	90	30	2	72	22	99	56	30	45	88	80	36	26	42	28	80	68	13	46	96	5	93	34	81	25	61	5	91	8	6	68	48	31	54	51	82	10	32	92	55	84	25	45	40	48	57	13	50	40	48	59	29	24	31	56	58	3	54	31	61	66	73	0	88	86	8	46	0	57	68	34	82	50	68	48	21	
34	4	5	30	31	86	72	4	35	79	46	4	42	20	33	46	77	90	32	50	99	88	89	45	14	37	18	67	15	30	54	42	56	17	95	98	87	19	75	45	23	73	36	94	38	35	83	29	14	47	66	41	18	52	50	83	66	81	39	22	80	70	81	13	65	70	25	89	30	72	54	0	24	52	34	55	48	86	97	3	49	94	16	21	95	62	68	91	56	25	94	80	23	69	24	3	66	37	85	63	
62	61	73	96	69	34	60	5	94	41	68	60	40	84	23	46	90	70	64	44	77	73	35	83	85	86	36	95	98	80	20	69	69	53	50	30	46	34	93	60	97	61	35	91	98	90	95	77	39	23	53	32	21	61	14	53	54	97	7	27	53	40	42	9	81	40	23	65	1	7	50	42	45	9	47	29	29	70	64	40	91	13	39	64	7	1	34	65	79	75	4	0	5	89	50	1	69	90	83	98	
87	50	47	61	99	18	10	2	37	13	9	17	56	89	22	51	27	9	96	59	58	47	43	62	23	27	53	3	64	12	55	97	6	88	51	83	29	38	90	69	31	87	99	43	63	58	47	7	98	5	56	7	88	46	12	84	2	70	4	85	16	22	10	62	2	91	28	82	24	52	82	75	99	91	10	18	52	65	44	1	92	77	10	22	50	91	80	15	19	18	28	54	48	2	16	88	55	40	4	29	
5	74	55	36	96	11	98	42	96	97	72	28	76	8	62	66	42	2	26	34	13	78	84	78	84	7	61	64	99	47	48	52	50	96	96	87	30	26	63	3	73	62	8	62	74	44	99	93	5	64	67	82	93	48	3	78	99	38	26	29	21	88	16	55	65	50	85	77	78	91	52	93	76	25	38	36	3	51	78	14	8	49	33	83	6	34	44	36	7	45	81	4	87	87	95	87	84	41	26	2	
96	88	66	29	2	77	33	65	7	82	83	73	49	7	58	96	50	86	68	14	11	88	77	81	45	60	27	82	5	49	55	61	3	67	97	42	49	75	81	86	25	18	66	50	46	64	10	22	29	70	47	7	35	9	51	43	72	70	82	94	98	69	97	87	60	29	81	28	30	86	23	35	22	61	63	45	21	72	27	77	80	51	52	15	95	35	97	43	83	87	57	54	17	9	51	88	82	55	9	31	
50	22	61	51	37	88	25	63	80	86	27	57	15	29	20	58	23	79	94	57	83	45	19	78	16	61	46	91	98	3	78	63	95	52	50	23	99	31	41	90	42	30	89	1	89	8	64	92	43	35	30	44	44	82	86	82	33	62	41	81	15	66	44	60	43	87	95	47	7	97	67	24	10	53	5	81	98	44	98	98	7	55	69	1	5	0	92	19	23	4	68	85	10	99	43	95	24	48	86	82	
30	12	50	92	98	54	44	83	99	61	6	26	59	70	32	92	67	20	42	99	49	30	19	68	26	4	3	15	16	74	98	77	27	19	60	74	25	17	93	65	96	7	42	66	83	64	26	48	57	18	52	4	37	8	10	14	20	40	91	71	38	34	7	32	31	9	59	63	47	7	28	20	56	70	96	85	27	74	12	38	23	82	37	25	86	66	62	67	40	63	60	97	5	46	93	86	50	76	84	33	
87	64	78	11	48	25	17	95	48	95	48	38	15	68	71	34	84	58	86	62	45	36	98	13	23	5	53	44	83	14	19	90	63	38	33	47	7	70	93	60	84	11	12	3	82	16	44	99	86	41	99	20	51	96	49	37	63	44	34	26	18	72	79	28	6	44	19	0	18	15	31	65	56	87	36	70	71	30	9	24	98	49	95	28	27	20	53	70	72	89	5	47	24	99	34	81	72	11	72	1	
24	17	57	20	4	34	30	67	79	53	6	22	63	9	88	19	61	86	57	37	48	24	80	36	29	21	38	68	65	69	62	35	62	28	45	91	33	85	92	41	13	7	90	83	21	58	66	69	80	15	98	1	66	88	25	76	8	91	4	81	81	18	79	5	19	81	96	13	97	83	5	65	55	90	78	61	8	7	11	66	85	51	44	26	34	61	92	33	89	48	35	89	16	72	54	9	12	86	26	10	
57	5	61	6	73	80	2	3	80	56	45	1	95	90	14	40	96	28	3	5	30	54	5	50	18	22	8	17	37	11	46	86	74	74	33	10	4	39	78	13	25	54	75	55	58	28	14	63	16	60	40	64	52	0	32	18	27	29	83	77	8	6	82	33	54	14	52	51	75	88	42	99	59	9	69	67	12	21	38	52	17	86	70	75	54	22	13	0	7	67	93	23	96	10	52	80	58	58	70	9	
91	79	41	46	6	83	88	78	66	8	51	65	89	84	25	82	93	63	92	92	98	40	62	92	63	83	52	62	99	69	96	69	16	24	40	80	2	14	35	8	47	55	65	84	51	69	78	1	64	13	4	46	76	34	32	15	1	20	60	18	95	47	20	11	69	35	95	23	43	54	30	28	88	96	71	4	91	87	60	63	76	62	99	38	93	24	9	54	16	87	62	22	84	73	88	55	26	76	34	14	
62	22	82	7	96	53	98	89	13	6	31	21	20	87	11	77	93	75	24	18	65	26	32	73	21	51	76	48	69	2	49	29	81	54	97	73	81	16	35	43	98	22	3	54	66	44	53	21	80	81	42	23	26	2	28	44	97	39	38	27	35	91	11	72	69	51	42	97	79	30	23	46	32	12	93	79	26	85	92	76	75	42	69	84	95	15	18	77	98	71	12	3	46	89	85	19	98	12	18	80	
11	51	69	7	96	0	84	24	45	98	26	1	32	12	83	46	51	25	0	78	66	23	25	17	58	10	15	19	21	82	58	66	24	67	84	20	66	0	93	53	26	11	13	8	32	2	36	48	43	48	88	21	71	14	66	45	98	40	25	59	96	96	51	78	71	78	59	59	46	63	58	89	18	24	10	53	40	49	86	87	10	12	91	0	16	60	22	43	79	52	66	82	68	2	1	89	84	84	23	7	
36	18	57	9	33	96	97	29	46	43	31	47	61	57	73	42	69	58	57	50	36	39	51	66	38	13	34	3	18	13	92	32	89	75	93	28	54	21	9	54	51	60	70	36	43	3	34	0	77	19	27	10	66	67	32	19	76	20	56	23	45	72	53	55	19	34	95	3	50	58	72	98	8	7	51	97	73	37	33	32	86	92	77	13	17	97	45	15	75	91	18	78	27	95	71	86	31	29	9	34	
56	86	72	72	47	92	3	63	98	49	96	8	23	72	17	57	79	92	73	7	36	35	72	0	25	88	55	95	10	11	93	68	84	86	54	96	58	24	77	41	19	9	29	22	64	15	50	15	47	54	74	96	17	88	19	40	1	45	94	16	22	97	47	18	87	74	38	78	7	6	29	96	64	10	4	64	65	74	53	94	15	94	2	93	4	29	82	99	47	20	71	95	41	53	93	84	41	79	63	78	
4	66	36	52	44	49	43	49	38	44	40	87	95	79	18	58	64	10	93	41	54	18	37	31	73	15	21	73	57	67	10	21	68	57	25	56	79	12	44	25	43	94	54	14	32	87	41	47	40	63	8	21	71	3	51	49	59	13	2	34	4	2	92	65	82	67	88	1	58	68	45	68	56	35	43	10	18	44	81	44	66	85	12	4	41	55	54	83	44	18	17	99	86	66	26	52	4	38	33	11	
49	5	3	95	13	36	79	8	24	3	12	45	69	88	68	33	85	6	94	63	83	11	84	16	57	6	31	13	4	92	53	89	15	70	81	5	42	71	59	60	34	53	83	99	72	71	8	50	11	40	38	31	3	42	73	3	52	38	97	72	68	85	19	80	21	9	90	61	7	35	30	1	74	0	70	4	97	22	61	64	65	33	32	21	98	63	19	55	53	97	78	38	39	84	23	40	94	61	17	29	
88	57	13	20	97	93	5	82	75	42	77	74	22	88	50	92	38	37	43	50	80	25	12	97	97	5	69	68	78	97	7	8	37	51	6	97	41	80	7	76	86	34	35	26	48	19	1	92	29	32	56	9	90	96	75	55	38	9	70	5	47	23	48	87	54	29	63	63	78	36	45	50	77	70	48	93	67	84	4	74	82	89	66	76	87	63	45	70	65	55	13	43	46	57	3	24	0	62	28	31	
55	39	79	9	62	39	54	34	56	64	89	32	89	27	41	42	66	22	48	32	96	76	82	85	62	48	70	5	25	34	27	85	17	12	5	3	60	0	60	63	15	80	14	8	97	14	46	24	15	34	89	96	86	43	10	88	4	5	67	32	38	98	74	96	20	62	22	26	59	74	46	57	47	70	92	1	48	83	8	54	83	81	32	2	91	64	92	4	79	50	67	39	36	5	80	5	42	91	59	85	
79	44	8	87	53	63	59	51	85	57	47	27	18	39	41	95	27	76	44	72	17	20	90	33	73	31	77	71	22	41	57	7	92	2	91	15	72	71	79	90	64	81	28	44	71	22	11	93	26	58	34	57	34	63	95	10	2	61	50	84	78	77	69	99	54	85	50	62	56	38	55	50	97	50	97	73	23	85	3	98	80	43	31	11	75	38	99	7	96	91	82	13	38	95	82	94	89	17	86	35	
87	59	24	31	92	1	68	49	69	56	29	61	45	6	58	21	52	23	18	74	85	27	93	97	47	20	78	93	45	44	69	67	14	60	98	62	13	45	61	57	78	38	93	78	73	91	88	60	0	57	0	77	31	51	20	26	41	69	95	37	86	76	69	98	48	96	5	86	16	22	74	88	21	32	67	49	0	79	7	8	55	3	93	79	80	91	13	73	59	29	99	49	12	65	57	23	66	46	61	50	
25	45	21	27	3	23	82	74	91	25	69	68	58	3	24	44	86	54	42	14	37	27	26	36	79	82	10	63	91	3	49	76	0	1	53	78	87	81	63	46	92	2	61	65	89	71	39	24	59	0	11	92	84	15	38	92	72	55	55	18	5	84	94	76	45	11	23	13	54	59	66	95	28	13	11	82	47	16	44	71	97	54	22	76	68	16	25	69	45	85	48	27	0	55	64	60	44	94	22	55	
15	73	15	19	3	42	76	48	5	38	3	25	94	55	29	57	60	72	48	97	19	83	9	83	33	13	74	18	61	74	78	89	51	83	81	25	81	54	91	79	26	41	54	39	64	8	7	96	45	97	15	33	26	34	19	86	27	90	54	24	52	8	79	6	18	25	86	49	27	60	64	95	62	93	51	8	62	16	77	61	2	97	42	34	75	65	93	52	51	14	70	92	29	55	34	31	67	67	16	39	
75	25	44	95	79	86	7	12	8	63	94	51	88	34	12	23	20	68	63	67	13	81	79	1	17	3	73	20	30	44	27	28	70	76	10	32	86	92	54	47	5	30	2	32	74	57	58	96	79	20	77	54	88	59	1	43	94	9	59	4	32	2	25	94	77	61	2	77	26	83	28	69	83	64	21	85	93	90	4	89	34	84	20	67	41	23	47	22	17	21	37	1	57	7	4	83	54	93	64	59	
89	94	8	82	53	70	84	33	80	69	58	62	2	36	35	99	95	35	47	91	51	26	85	4	44	45	86	66	3	76	85	2	51	31	64	39	63	67	49	30	32	46	92	32	60	57	30	98	46	21	95	64	70	48	2	80	98	74	1	47	46	48	96	42	1	44	46	86	9	19	91	68	61	45	9	65	26	11	38	3	23	14	76	47	59	39	12	55	54	91	85	66	9	67	13	90	54	82	66	61	
31	67	91	61	54	25	42	95	2	29	90	15	26	63	6	83	7	32	96	17	85	44	16	99	34	1	5	70	83	78	30	3	44	94	43	71	3	52	55	21	27	79	22	38	46	98	80	44	68	55	81	80	98	33	92	59	11	73	74	52	88	98	40	44	30	41	66	99	57	32	8	35	20	1	26	87	32	76	63	74	52	27	75	86	74	6	90	20	35	51	98	70	20	75	93	89	72	59	84	36	
20	35	40	61	23	28	79	87	87	17	71	58	5	36	50	84	52	55	82	88	17	48	9	29	91	21	37	48	42	52	49	35	15	3	4	36	38	8	36	81	4	25	52	90	73	7	67	89	53	0	40	50	91	75	85	92	55	0	96	27	5	65	38	64	86	89	36	58	47	64	89	23	83	4	2	76	74	63	49	34	0	77	67	82	12	29	4	64	5	51	77	25	51	13	58	54	74	73	56	1	
13	80	87	31	39	49	80	79	34	64	12	31	70	5	96	17	55	4	26	49	15	64	58	54	1	97	2	90	31	67	4	72	12	93	81	85	92	58	27	51	32	83	72	79	58	70	63	61	10	55	5	66	73	98	17	70	47	20	68	92	4	51	39	47	59	82	71	30	99	77	55	64	15	39	78	51	9	26	16	28	60	84	39	24	18	56	79	81	9	35	6	47	6	33	90	42	0	3	41	74	
15	52	56	70	45	93	9	2	15	22	90	48	25	59	31	59	39	23	3	39	79	89	36	80	20	5	17	69	54	21	84	33	1	45	81	14	5	84	94	74	87	46	55	27	85	84	41	38	31	28	47	5	82	18	60	10	63	74	56	29	17	43	59	26	97	69	88	62	99	81	67	61	33	34	53	12	0	96	62	70	15	25	65	33	72	11	24	71	62	70	98	68	33	98	10	25	10	32	11	56	
82	82	26	23	67	54	93	43	90	35	77	31	86	35	38	9	94	91	31	97	30	95	65	12	2	61	6	8	13	87	87	75	84	22	79	69	18	10	82	61	91	67	90	0	17	58	81	76	49	18	17	72	39	54	99	76	68	32	25	41	45	59	71	7	32	26	40	35	76	62	82	88	67	99	29	54	72	18	92	87	87	45	47	25	68	60	77	16	99	12	46	29	90	31	97	53	26	37	39	13	
89	70	83	94	22	88	59	88	46	31	65	80	37	63	60	92	29	27	30	64	39	9	2	15	98	94	35	19	14	68	51	2	88	53	58	74	44	92	75	28	79	56	1	32	8	33	72	53	79	96	68	85	52	77	55	16	34	92	34	59	92	81	92	51	26	25	47	84	57	63	61	64	96	11	44	52	10	14	48	87	6	43	29	97	38	14	88	72	69	24	73	87	48	19	59	16	26	36	53	80	
61	43	14	56	13	70	98	79	25	83	74	99	89	16	34	30	49	40	97	34	60	8	86	57	98	71	7	64	17	8	34	46	72	43	97	81	77	95	22	81	15	99	48	96	12	55	70	15	17	2	34	12	6	98	51	12	6	24	36	84	10	63	36	67	54	60	66	59	64	68	69	62	54	42	74	60	72	99	51	24	39	88	20	3	1	39	17	24	48	87	18	23	74	82	52	97	47	24	85	86	
27	86	87	70	44	29	10	60	5	22	31	13	13	75	10	6	17	60	60	90	68	43	22	42	41	1	2	90	48	87	11	73	42	50	24	98	91	23	94	63	6	94	3	82	48	54	56	83	71	47	56	48	58	40	87	17	14	40	73	53	71	80	15	49	80	46	96	48	82	29	9	27	64	41	27	40	20	62	47	74	34	17	84	52	50	95	42	3	69	39	78	6	69	39	17	89	74	95	86	54	
8	54	28	97	38	17	55	82	82	98	98	69	31	26	22	17	25	95	17	2	91	34	29	1	51	28	22	87	91	88	3	31	7	22	90	96	5	79	86	15	48	66	25	6	54	61	0	71	29	61	74	91	56	28	50	63	71	81	57	92	72	39	79	11	22	18	67	49	48	75	17	9	64	27	17	53	90	20	78	90	19	60	92	41	7	11	1	94	50	95	62	23	20	11	34	50	61	37	75	56	
12	29	24	95	12	88	0	0	72	98	38	78	43	64	48	14	24	9	89	68	61	48	45	26	92	31	95	12	60	72	43	9	0	49	87	18	49	97	20	40	3	78	46	72	34	82	8	39	24	8	51	80	74	63	67	50	12	17	75	42	30	78	89	51	85	23	46	16	16	87	61	64	95	50	39	54	50	85	90	75	79	34	3	18	51	37	55	42	30	91	6	43	45	3	76	74	26	43	48	87	
3	10	93	38	22	32	25	98	5	74	50	47	40	64	81	66	70	89	49	43	77	11	72	59	32	92	97	80	84	61	38	34	24	25	82	91	13	9	96	59	41	24	86	19	44	10	36	28	17	55	69	57	67	35	61	58	59	88	98	39	51	84	72	56	89	36	23	99	90	42	83	85	79	67	36	86	26	0	82	49	50	52	20	15	4	8	60	72	30	28	90	7	14	42	42	0	8	15	61	73	
81	17	44	48	80	92	7	73	55	10	41	47	23	44	61	70	77	18	22	33	81	67	81	22	57	45	3	23	68	43	78	34	70	95	57	97	10	74	20	72	34	92	30	80	11	81	25	94	70	49	19	61	84	69	15	86	38	22	32	66	52	28	36	54	3	39	10	94	47	42	45	58	20	34	16	63	53	90	86	39	50	29	27	73	31	67	73	67	30	85	85	38	2	89	99	28	43	27	65	61	
10	71	76	0	12	80	9	76	31	76	90	56	78	33	37	56	98	20	22	75	27	31	62	89	29	22	1	69	4	70	40	5	46	97	68	18	95	85	99	31	56	33	80	81	85	47	59	86	93	17	51	20	45	82	11	29	97	28	56	24	78	44	73	26	53	73	58	11	77	22	15	21	76	76	81	32	40	62	43	75	57	21	74	98	23	38	59	65	65	78	7	18	90	36	77	32	25	43	33	40	
9	72	65	16	58	10	28	71	70	33	86	67	20	96	93	87	46	45	87	81	23	80	67	75	3	59	47	31	16	49	13	53	7	25	28	82	0	90	17	10	32	94	87	58	19	43	72	1	97	54	99	50	2	95	46	51	86	22	54	68	61	29	54	25	12	6	61	94	37	65	88	15	65	3	52	45	90	10	57	36	1	45	7	74	26	54	74	53	47	63	37	1	12	71	21	57	44	71	33	4	
45	46	18	76	66	13	59	91	2	47	34	58	81	69	34	75	43	58	22	34	25	55	45	20	1	58	97	25	42	68	29	8	48	81	29	29	2	80	37	40	89	72	62	88	6	80	30	92	37	50	91	57	89	18	2	96	91	54	86	32	6	73	0	47	62	95	84	72	66	64	85	84	48	93	49	21	15	80	33	44	76	6	16	79	6	48	96	37	72	44	81	79	34	42	53	59	83	75	92	34	
41	61	77	35	84	57	52	95	73	30	80	90	92	59	1	16	17	1	26	19	51	27	44	21	23	83	51	42	75	90	15	30	8	91	75	93	31	20	82	51	52	6	86	19	97	77	90	39	69	9	37	63	56	19	33	47	64	3	67	35	66	91	40	6	3	37	56	71	79	11	59	45	47	16	69	72	75	30	84	73	14	87	57	99	71	5	76	13	66	16	17	70	48	58	79	7	73	45	96	23	
90	41	48	84	70	84	23	94	66	88	6	46	70	69	50	81	16	93	75	11	36	76	24	63	37	68	49	53	34	90	43	79	25	63	31	73	26	66	5	31	70	7	40	46	39	1	11	20	99	29	96	76	51	81	57	38	5	8	88	79	67	51	32	14	69	96	50	43	11	14	39	57	3	26	26	52	33	57	2	88	40	64	2	21	2	97	33	28	81	71	39	86	32	25	56	48	49	72	69	43	
52	0	80	67	18	13	33	0	77	43	29	77	47	15	94	45	63	41	57	79	79	32	59	5	0	45	99	73	80	12	70	33	70	83	41	86	65	45	44	20	98	4	25	79	60	4	39	86	22	1	92	1	76	23	26	74	76	1	29	50	76	75	87	25	12	69	30	36	41	9	0	34	57	4	5	87	63	18	45	33	76	9	81	9	52	25	55	10	75	10	78	89	3	89	31	18	95	80	3	42	
66	18	63	2	2	99	43	40	61	6	96	97	0	53	15	19	0	65	46	32	82	92	5	64	91	35	31	65	38	25	32	41	41	15	7	22	23	13	69	65	56	55	69	88	39	33	23	39	94	76	19	54	88	87	43	90	91	93	26	45	66	93	24	84	88	80	55	12	43	14	72	0	17	90	55	35	41	64	81	98	55	17	19	13	50	34	20	35	95	74	40	71	98	82	29	23	36	34	48	24	
28	38	44	61	80	2	74	29	93	76	96	78	16	57	1	52	7	43	24	71	34	98	89	51	19	57	21	34	18	92	13	64	51	32	68	54	42	67	46	67	91	99	30	41	7	6	46	17	52	21	78	75	74	5	62	72	72	46	76	65	28	3	70	10	31	54	50	60	93	30	44	89	17	15	69	6	26	31	52	69	40	51	71	41	94	16	57	55	38	17	52	29	32	62	31	26	68	98	48	92	
38	78	59	34	76	14	54	13	67	1	57	47	4	67	55	39	42	31	37	24	0	73	23	12	84	89	84	37	8	18	83	97	14	32	47	7	18	1	9	98	76	78	41	5	75	83	78	76	34	17	71	99	67	56	90	0	66	37	82	87	88	80	18	47	75	83	93	80	71	92	53	89	71	78	86	8	26	28	96	60	90	98	73	43	55	13	41	44	12	65	44	56	35	61	3	78	55	91	52	17	
74	91	51	35	34	28	62	79	97	18	72	75	94	22	2	0	19	39	32	52	16	98	35	31	26	85	80	50	68	73	96	97	8	50	11	42	35	64	32	79	91	45	3	93	38	31	22	32	99	83	82	76	73	87	6	61	68	40	30	71	8	21	13	0	20	69	33	44	4	51	84	76	41	9	77	3	38	10	29	29	12	2	73	73	94	72	89	30	70	98	17	42	73	85	44	88	79	4	69	24	
48	40	59	93	2	94	6	79	70	1	72	95	94	14	23	9	81	34	84	13	51	7	60	5	45	63	20	99	81	54	66	38	71	72	80	11	74	16	61	19	46	31	50	88	12	28	4	82	93	4	75	47	37	31	77	18	46	87	45	41	5	53	77	30	20	6	95	82	30	42	68	14	58	93	0	94	75	20	6	99	90	67	55	79	76	29	38	88	38	60	87	8	87	7	2	33	53	86	1	5	
94	94	85	88	2	34	76	5	38	66	19	16	71	2	71	94	33	23	96	64	16	66	47	17	72	70	49	41	33	49	48	77	61	26	80	81	23	98	40	27	34	82	13	85	78	93	76	68	8	39	91	68	27	14	92	47	19	12	86	52	20	50	30	22	24	12	75	42	47	10	16	94	30	75	69	2	98	73	16	25	4	66	50	9	57	95	23	40	82	98	36	77	22	1	83	31	98	90	60	57	
35	97	6	14	27	99	22	32	39	57	57	52	25	29	38	88	65	41	46	89	10	48	88	76	19	19	81	13	36	53	81	8	3	0	4	20	76	69	11	73	49	98	7	58	64	50	51	4	51	93	95	14	5	34	98	61	54	24	6	0	50	89	52	62	44	90	89	48	78	80	3	91	56	67	16	78	69	22	93	77	71	66	42	50	59	0	94	29	9	14	37	31	26	14	49	59	96	52	1	34	
12	89	79	9	44	45	38	37	7	41	68	43	80	17	1	42	99	42	19	98	27	36	27	31	99	40	54	83	12	45	57	65	7	41	15	59	21	10	68	55	7	99	91	10	84	81	6	42	58	64	98	38	32	31	6	64	55	87	41	98	45	57	0	22	23	22	2	33	11	65	22	51	84	3	63	70	6	95	96	65	51	1	91	56	84	25	12	77	58	59	99	65	13	9	74	13	67	53	62	8	
74	23	61	3	59	87	80	92	58	82	27	44	35	67	82	56	56	90	49	3	5	15	76	42	82	88	4	53	59	46	73	70	86	83	56	52	19	66	82	71	48	90	28	6	17	64	51	26	70	8	71	57	84	41	8	3	94	82	28	39	44	73	72	41	55	10	91	57	89	15	65	91	28	92	30	80	2	14	21	42	19	14	56	13	94	71	86	43	51	52	4	6	70	77	11	28	73	62	11	52	
20	7	56	56	30	19	33	34	85	67	9	89	87	65	39	36	91	14	91	54	47	98	16	95	60	16	77	27	9	2	55	41	45	75	20	86	34	23	21	8	27	72	87	9	14	3	45	77	57	31	27	29	52	10	34	50	46	85	75	78	9	31	83	70	79	9	25	77	88	29	27	89	91	69	87	28	21	64	32	26	93	0	70	2	49	23	56	59	66	63	70	85	18	0	95	5	39	6	23	82	
17	89	46	74	50	46	48	33	46	95	22	84	85	66	12	7	73	2	77	93	29	68	51	53	44	70	96	54	37	2	69	87	47	2	79	6	56	31	84	36	18	32	63	87	97	89	72	6	54	21	2	89	2	6	1	9	40	92	80	11	60	81	28	86	7	24	8	34	84	83	77	65	89	52	1	6	80	53	99	77	3	92	38	26	70	46	78	12	40	54	90	6	76	47	44	86	37	99	27	74	
82	28	43	5	96	58	62	94	19	22	9	35	59	69	17	33	80	28	64	4	1	45	75	55	62	60	77	47	57	28	55	77	59	33	32	78	77	54	33	54	25	43	41	69	40	19	71	10	17	56	25	64	68	68	41	68	58	71	3	90	60	47	69	97	63	73	86	94	82	17	79	19	47	54	53	81	29	47	65	20	8	26	77	49	67	36	87	31	75	2	1	1	0	62	11	23	49	70	43	4	
81	18	54	85	53	89	3	72	82	59	41	48	59	74	30	1	92	84	77	76	77	55	44	70	78	96	63	58	50	30	0	4	8	74	20	75	38	50	0	35	75	79	74	26	2	68	30	10	13	64	20	61	58	55	8	35	55	66	49	16	29	74	64	86	21	0	0	34	50	47	96	97	8	69	25	29	70	31	62	47	80	45	71	80	43	51	61	38	1	38	99	9	86	70	10	74	26	73	71	22	
54	25	55	18	61	52	36	46	87	89	42	23	7	62	94	1	35	81	10	14	58	80	99	55	39	46	37	17	29	47	68	39	54	68	56	38	94	61	86	45	48	8	30	68	20	12	33	69	95	98	72	12	4	3	4	76	62	18	30	73	68	5	27	84	37	68	24	29	11	34	51	42	29	18	45	86	22	38	21	96	18	18	23	18	1	83	31	65	15	90	65	0	82	32	52	1	15	33	3	0	
68	63	51	48	75	45	65	55	56	28	81	10	17	65	87	22	83	68	2	53	59	22	14	73	94	91	20	28	13	3	85	53	81	59	11	79	66	10	8	9	36	3	5	46	27	99	36	46	36	48	51	85	17	69	8	68	82	67	94	47	91	70	57	42	98	86	26	41	21	33	63	98	73	94	50	97	74	87	65	4	63	16	1	41	82	37	40	73	33	62	86	11	92	93	96	38	3	21	53	8	
65	38	89	40	18	38	91	98	86	67	27	19	35	2	61	32	5	12	26	69	19	19	84	39	69	10	18	33	36	3	86	16	49	69	83	42	17	50	48	75	96	81	2	91	54	49	10	27	43	60	66	30	87	71	17	36	61	19	91	72	69	40	71	22	73	58	50	84	57	10	81	85	12	27	10	65	67	98	24	61	76	87	99	50	79	49	88	82	33	34	47	9	66	37	8	22	75	69	32	47	
94	31	35	59	5	67	74	67	57	20	15	28	47	86	11	80	14	50	93	16	92	69	13	37	8	33	11	12	53	17	73	57	64	44	73	43	95	46	76	3	42	59	96	46	64	85	48	92	84	61	25	55	75	45	78	61	21	69	2	27	11	84	19	4	27	70	55	82	11	96	94	83	41	36	14	59	12	32	75	78	1	94	79	6	17	30	38	68	98	0	40	52	58	48	0	34	39	80	45	71	
53	18	57	41	54	31	17	20	59	27	79	95	69	94	71	91	27	48	81	18	24	3	65	95	49	63	13	37	20	31	32	39	68	9	72	97	57	50	74	1	36	6	90	49	20	40	10	48	12	63	87	19	57	64	66	27	45	7	82	68	38	65	63	82	41	36	57	97	53	31	79	34	84	61	78	94	90	65	6	81	49	47	83	60	62	86	82	45	17	25	51	40	45	89	43	60	91	34	10	10	
8	2	82	38	74	7	28	57	35	84	17	28	50	16	58	3	40	43	97	0	70	37	83	19	73	76	50	28	83	47	28	9	21	94	79	66	83	98	84	74	47	37	99	30	34	97	72	22	9	67	4	46	52	47	35	87	82	85	26	30	44	66	79	80	36	71	84	2	50	76	21	17	18	33	6	38	49	16	84	40	51	58	69	52	30	79	63	46	44	5	66	76	3	41	82	89	53	94	67	57	
28	38	53	62	48	19	72	94	76	71	84	80	84	37	78	93	25	77	35	10	31	78	83	88	79	46	38	31	60	2	67	36	96	17	42	14	93	40	92	63	59	72	78	13	66	87	95	87	36	16	58	18	71	43	96	23	37	70	43	67	70	0	81	98	79	79	57	15	66	27	19	97	1	53	31	44	28	97	98	87	87	26	66	91	69	33	65	20	0	10	49	99	37	87	8	72	41	65	45	15	
77	36	3	75	39	79	19	38	69	90	57	92	67	10	73	23	7	39	62	76	81	32	28	96	22	95	48	38	9	67	32	25	79	52	94	54	48	10	25	52	3	43	19	80	28	71	92	47	94	46	40	31	72	97	55	55	85	49	85	56	83	97	36	73	41	94	39	29	53	2	71	61	1	43	29	60	85	10	54	0	79	77	86	4	84	53	28	43	26	96	20	1	0	22	38	51	8